彩云追福双色球08127期条件分析：红球连码防断出
　　126期开出奖号：04 11 12 14 20 30+ 13
　　点击进入双色球玩法经典选号图表
　　126期条件分析结果对照：
　　9 10 21 22 33 条件0-1 重点21 33 条件对，未出号
　　3 4 15 16 27 28 条件1-2 重点16 27 28 条件对，出号04
　　1 12 13 24 25 条件1-2 重点01 12 25 条件对，出号12
　　6 7 18 19 30 31 条件0-1 重点07 30 条件对，出号30
　　2 5 8 11 14 17 20 23 26 29 32 条件2-3重点02 11 14 23 32 条件对，出号11 14 20
　　本期蓝球重点看热蓝，主看07 01 15 09，防16 条件错，出冷号13
　　126期号码点评：本期红球三区比为2:3:1，从目前红球的整体分布看，三个区的形势比较混乱，下期在防守二区热态的同时一三区均可看1-2个号。红球同尾近期也是断出现象偏多,本期开出了4和0的两组同尾，下期仍关注有同尾号，三同尾现象则已经是很长时间没出现了，喜欢关注同尾的朋友请关注。连号开出一组两连热码11 12，下期可关注断码。本期红球奇偶开出1-5，下期可关注奇偶2-4。红球的冷热号码本期正常，开出3个冷码04 20 30。下期的冷码球共有 03 05 06 09 17 18 23 24 27 28 31 32 33共13个，下期要关注开出1-3个。(再次提示，我们可以把红球五期以上未开出的号定为冷码，从历史数据看，绝大多数情况下，每期开出的冷码不会超过三个。)本点评独家供给新浪彩票频道，如有转载请注明出处。 
　　蓝球点评：本期又开出冷码，下期可以重点看热码蓝球。
　　08127期条件分析：
　　9 10 21 22 33 条件0-1 重点10 21
　　3 4 15 16 27 28 条件0-2 重点03 15 28
　　1 12 13 24 25 条件1-2 重点12 13 25
　　6 7 18 19 30 31 条件1-2 重点07 19 31
　　2 5 8 11 14 17 20 23 26 29 32 条件1-3重点02 08 20 23 26
　　本期蓝球重点看热蓝，主看03 02 13 15，防16

