[爱波网]一凡双色球08127期定位：看红球大尾出量
　　·奇偶比：3：3重点关注
　　·大小比：3：3和4：2重点关注(连出5期2:4已超历史极值)
　　·012路:0路(关注2-3);1路(关注2-3);2路(关注1-2)继续关注
　　·质数：1-2枚，可重点关注2
　　·和值：90-119(重点关注除3余0值，)
　　·AC值：本期8重点，防9
　　·除4余0的红号：1-2；除4余1:1-2；除4余2：0-1；除4余3：0-1
　　·除5余1的红号：0-1;除5余2红号:0-1，2;除5余4红号:0-1
　　·除6余1的红号：1-2枚;除6余2红号:1-2;除6余3红号:0-1；除6余4红号:0-1;
　　尾数分析：
　　·大中小：大=2-3；中2-3；小：1-3
　　·0路尾本期关注2-3；1路尾：1-3；2路尾1-2
　　精选定位关注点:
　　第一位：01 03 05
　　第二位：05 06 09 12
　　第三位：13 14 16 17 18
　　第四位：17 18 19  22 23
　　第五位：20 21 23 24
　　第六位：25 32 33
　　蓝球：关注偶数，选10 11 16
　　以上分析内容仅供参考!
　　红球出号条件：
　　·01 10 30=0-2
　　·20 21 31 02 12 25 14 15=1-4
　　·17 26 27 13 22 03 23 32 33 05 04 24 07 16 06=1-4
　　·19 08 18 29 28 09=0-3
　　·11 20 21 17 26 27 13 22 03=1-3
　　·25 14 15 05 04 24=0-3
　　·01 10 30 31 02 12 23 32 33=1-3
　　围蓝：
　　·01  02  03 08  09 15
　　红球定位大底：
　　第1位  01 02 03 04 05 06 07 08 09 10 11 12 13 14 15 16 17 18 19 20  
　　第2位  02 03 04 05 06 07 08 09 10 11 12 13 14 15 16 17 18 19 20 21  
　　第3位  03 04 05 06 07 08 09 10 11 12 13 14 15 16 17 18 19 20 21 22 23 24
　　第4位  04 05 06 07 08 09 10 11 12 13 14 15 16 17 18 19 20 21 22 23 24 25 26
　　第5位  16 17 18 19 20 21 22 23 24 25 26 27 28 29 30 31 32 33    
　　第6位  20 21 22 23 24 25 26 27 28 29 30 31 32 33        
　　蓝 球  02 03 04 05 06 07 08 09 10 11 12 13 14 15 16        
　　·奇偶比：3：3重点关注
　　·大小比：3：3和4：2重点关注(连出5期2:4已超历史极值)
　　·012路:0路(关注2-3);1路(关注2-3);2路(关注1-2)继续关注
　　·质数：1-2枚，可重点关注2
　　·和值：90-119(重点关注除3余0值，)
　　·AC值：本期8重点，防9
　　·除4余0的红号：1-2；除4余1:1-2；除4余2：0-1；除4余3：0-1
　　·除5余1的红号：0-1;除5余2红号:0-1，2;除5余4红号:0-1
　　·除6余1的红号：1-2枚;除6余2红号:1-2;除6余3红号:0-1；除6余4红号:0-1;
　　尾数分析：
　　·大中小：大=2-3；中2-3；小：1-3
　　·0路尾本期关注2-3；1路尾：1-3；2路尾1-2
　　精选定位关注点:
　　第一位：01 03 05
　　第二位：05 06 09 12
　　第三位：13 14 16 17 18
　　第四位：17 18 19  22 23
　　第五位：20 21 23 24
　　第六位：25 32 33
　　蓝球：关注偶数，选10 11 16
　　以上分析内容仅供参考!
　　红球出号条件：
　　·01 10 30=0-2
　　·20 21 31 02 12 25 14 15=1-4
　　·17 26 27 13 22 03 23 32 33 05 04 24 07 16 06=1-4
　　·19 08 18 29 28 09=0-3
　　·11 20 21 17 26 27 13 22 03=1-3
　　·25 14 15 05 04 24=0-3
　　·01 10 30 31 02 12 23 32 33=1-3
　　围蓝：
　　·01  02  03 08  09 15
　　红球定位大底：
　　第1位  01 02 03 04 05 06 07 08 09 10 11 12 13 14 15 16 17 18 19 20  
　　第2位  02 03 04 05 06 07 08 09 10 11 12 13 14 15 16 17 18 19 20 21  
　　第3位  03 04 05 06 07 08 09 10 11 12 13 14 15 16 17 18 19 20 21 22 23 24
　　第4位  04 05 06 07 08 09 10 11 12 13 14 15 16 17 18 19 20 21 22 23 24 25 26
　　第5位  16 17 18 19 20 21 22 23 24 25 26 27 28 29 30 31 32 33    
　　第6位  20 21 22 23 24 25 26 27 28 29 30 31 32 33        
　　蓝 球  02 03 04 05 06 07 08 09 10 11 12 13 14 15 16        

