彩云追福双色球08120期条件分析：红球主看二区热
　　119期开出奖号：05 07 09 15 24 29+ 07
　　点击进入双色球玩法经典选号图表
　　119期条件分析结果对照：
　　9 10 21 22 33 条件0-1 重点09 21 条件对。出号09
　　3 4 15 16 27 28 条件1-2 重点04 15 16 条件对。出号15
　　1 12 13 24 25 条件1-2 重点01 12 25 条件对，出号24
　　6 7 18 19 30 31 条件0-1 重点19 31 条件对。出号07
　　2 5 8 11 14 17 20 23 26 29 32 条件1-3 重点02 11 20 23 26 条件对，出号05 29
　　本期蓝球重点看温热蓝，主看02 09 14，防11 条件对，出热号07
　　119期号码点评：本期红球三区比为3:1:2，下期红球要关注二区再度走热，三个区出号趋于均衡。红球同尾上期反常断出后，这期开出05 15 09 29两组同尾号，下期仍看同尾出现。连号本期连续断出，以奇号05 07 09相连的形式出现，下期主看两连码，仍设防一组三连。本期红球奇偶开出5-1，下期可关注奇偶3-3，防2-4。红球的冷热号码本期正常，开出1个冷码15。下期的冷码球共有01 06 08 11 19 20 23 25 26 28 30 32 共12个，下期要关注开出2-3个。(再次提示，我们可以把红球五期以上未开出的号定为冷码，从历史数据看，绝大多数情况下，每期开出的冷码不会超过三个。)本点评独家供给新浪彩票频道，如有转载请注明出处。 
　　蓝球点评：本期开出热码07，下期继续看开出温热蓝球。
　　08120期条件分析：
　　9 10 21 22 33 条件0-2 重点09 21 22
　　3 4 15 16 27 28 条件1-2 重点03 15 16
　　1 12 13 24 25 条件1-2 重点12 13 25
　　6 7 18 19 30 31 条件0-1 重点06 30
　　2 5 8 11 14 17 20 23 26 29 32 条件1-2重点08 11 17 20 23
　　本期蓝球重点看温热蓝，主看06 09 14，防01

