彩云追福双色球08126期条件分析：红球仍看二区热
　　125期开出奖号：10 11 12 15 26 29+ 09
　　点击进入双色球玩法经典选号图表
　　125期条件分析结果对照：
　　9 10 21 22 33 条件0-1 重点09 22 33 条件对，出号10
　　3 4 15 16 27 28 条件1-2 重点16 27 28 条件对，出号15
　　1 12 13 24 25 条件1-2 重点12 24 25 条件对，出号12
　　6 7 18 19 30 31 条件0-1 重点19 31 条件对，未出号
　　2 5 8 11 14 17 20 23 26 29 32 条件1-3重点02 11 20 23 32 条件对，出号11 26 29
　　本期蓝球重点看热蓝，主看07 11 14，防15 条件错，出小冷号09
　　125期号码点评：本期红球三区比为2:2:2，下期继续看好第一区冷出，二区持热，第三区返热。红球同尾本期断出,下期关注有同尾号。连号开出一组三连码10 11 12，可关注断码，防一组两连。本期红球奇偶开出3-3，下期可关注奇偶2-4。红球的冷热号码本期正常，开出1个冷码12。下期的冷码球共有 03 04 05 06 09 17 18 20 24 28 30 33共12个，下期要关注开出2-3个。(再次提示，我们可以把红球五期以上未开出的号定为冷码，从历史数据看，绝大多数情况下，每期开出的冷码不会超过三个。)本点评独家供给新浪彩票频道，如有转载请注明出处。 
　　蓝球点评：本期开出小冷码09，从冷热规律看，下期看好热码蓝球。
　　08126期条件分析：
　　9 10 21 22 33 条件0-1 重点21 33
　　3 4 15 16 27 28 条件1-2 重点16 27 28
　　1 12 13 24 25 条件1-2 重点01 12 25
　　6 7 18 19 30 31 条件0-1 重点07 30
　　2 5 8 11 14 17 20 23 26 29 32 条件2-3重点02 11 14 23 32
　　本期蓝球重点看热蓝，主看07 01 15 09，防16

