彩云追福双色球08134期条件分析：红球看三区持热
　　133期开出奖号：08 11 16 19 24 26+ 11
　　点击进入双色球玩法经典选号图表
　　133期条件分析结果对照：
　　9 10 21 22 33 条件1-2 重点10 22 33 条件错，未出号
　　3 4 15 16 27 28 条件1-2 重点03 15 28 条件对，出号16
　　1 12 13 24 25 条件0-1 重点12 25 条件对，出号24
　　6 7 18 19 30 31 条件1-2 重点06 19 31 条件对，出号19
　　2 5 8 11 14 17 20 23 26 29 32 条件1-3重点02 08 14 17 26 条件对，出号08 11 26
　　本期蓝球重点看冷蓝，主看07 01 11 16，防14 条件对，出冷号11
　　133期号码点评：本期红球三区比为2:2:2，下期要关注第三区持热出号。红球同尾继本期出现16 26，下期看好仍有同尾号出现。连号已经四期断出，大破历史走势，近期追看连号热开，两组两连，可设防三连。本期红球奇偶开出2-4，偶数号仍活跃，下期可关注奇偶4-2。红球的冷热号码本期正常，开出3个冷码08 11 26。下期的冷码球共有 04 05 06 07 10 14 17 20 21 23 29 31共12个，下期要关注开出1-3个。(再次提示，我们可以把红球五期以上未开出的号定为冷码，从历史数据看，绝大多数情况下，每期开出的冷码不会超过三个。)本点评独家供给新浪彩票频道，如有转载请注明出处。 
　　蓝球点评：本期开出冷码，下期重点仍看冷码蓝球。
　　08134期条件分析：
　　9 10 21 22 33 条件1-3 重点09 10 21 33
　　3 4 15 16 27 28 条件0-2 重点03 27
　　1 12 13 24 25 条件0-1 重点13 25
　　6 7 18 19 30 31 条件1-2 重点06 19 31
　　2 5 8 11 14 17 20 23 26 29 32 条件1-3重点02 11 17 20 23
　　本期蓝球重点看冷蓝，主看07 10 12 16，防15

