彩云追福双色球08136期条件分析：红球看三区转热
　　135期开出奖号：05 14 15 16 19 21+ 15
　　点击进入双色球玩法经典选号图表
　　135期条件分析结果对照：
　　9 10 21 22 33 条件1-3 重点10 21 33 条件对，出号21
　　3 4 15 16 27 28 条件0-1 重点03 28 条件错，出号15 16
　　1 12 13 24 25 条件0-1 重点01 24 条件对，未出号
　　6 7 18 19 30 31 条件1-2 重点06 18 30 条件对，出号19
　　2 5 8 11 14 17 20 23 26 29 32 条件2-4重点02 11 17 20 26 32 条件对，出号05 14
　　本期蓝球重点看冷蓝，主看10 12 16 14，防05 条件错，出温热号15
　　135期号码点评：本期红球三区比为1:5:0，二区本期集中出号，下期要关注第三区转热出号，一区则继续持冷。红球同尾继本期出现05 15，下期考虑同尾号不出现。连号开出三连14 15 16，下期要继续追看连号热开，防两组两连出现。本期红球奇偶连续开出4-2，下期可关注奇偶4-2或3-3。红球的冷热号码本期正常，开出3个冷码05 14 21。下期的冷码球共有01 03 04 06 07 17 23 29 30 31共10个，下期要关注开出0-1个。(再次提示，我们可以把红球五期以上未开出的号定为冷码，从历史数据看，绝大多数情况下，每期开出的冷码不会超过三个。)本点评独家供给新浪彩票频道，如有转载请注明出处。 
　　蓝球点评：本期开出温热码，下期重点看冷码蓝球。
　　08136期条件分析：
　　9 10 21 22 33 条件1-3 重点10 21 22
　　3 4 15 16 27 28 条件0-1 重点03 28
　　1 12 13 24 25 条件0-1 重点13 24
　　6 7 18 19 30 31 条件1-2 重点06 19 30
　　2 5 8 11 14 17 20 23 26 29 32 条件2-4重点05 08 17 20 26 32
　　本期蓝球重点看冷蓝，主看16 14 10 12，防09

