彩云追福双色球153期条件分析：红球关注一区持热
　　152期开出奖号：01 04 06 22 26 30+ 08
　　点击进入双色球玩法经典选号图表
　　152期条件分析结果对照：
　　9 10 21 22 33 条件1-2 重点09 10 21 条件对，出22
　　3 4 15 16 27 28 条件1-2 重点03 04 27 条件对，出04
　　1 12 13 24 25 条件1-2 重点01 13 24 条件对，出01
　　6 7 18 19 30 31 条件0-1 重点06 07 31 条件不足，出06 30
　　2 5 8 11 14 17 20 23 26 29 32 条件0-2重点02 11 17 20 条件对，出26
　　本期蓝球重点看冷蓝，主看01 12 13 16 重点对，出冷蓝08
　　152期号码点评：本期红球三区比开出3:1:2，下期关注三区重新走冷，看号0-1个，一区将有望持热。红球同尾出06 26，下期可看继续有同尾。连号继续断出，下期关注三连号开出。本期红球奇偶连续开出1-5，下期看奇号多开，关注奇偶4-2。红球的冷热号码本期正常，开出2个冷码01 30。下期的冷码球共有02 07 11 12 13 15 16 18 20 21 23 25 27 31共14个，下期要关注开出1-3个。(再次提示，我们可以把红球五期以上未开出的号定为冷码，从历史数据看，绝大多数情况下，每期开出的冷码不会超过三个。)本点评独家供给新浪彩票频道，如有转载请注明出处。 
　　蓝球点评：本期开出冷码08，下期重点仍看蓝球冷出。
　　08153期条件分析：
　　9 10 21 22 33 条件1-2 重点09 10 21
　　3 4 15 16 27 28 条件1-2 重点03 15 28
　　1 12 13 24 25 条件1-2 重点01 12 25
　　6 7 18 19 30 31 条件0-1 重点06 18 30
　　2 5 8 11 14 17 20 23 26 29 32 条件0-2重点02 05 08 11 14
　　本期蓝球重点看冷蓝，主看11 13 15 01，防16

