彩云追福双色球008期条件分析：红球主看二区走热
　　007期开出奖号：01 05 12 23 25 26+ 15
　　点击进入双色球玩法经典选号图表
　　007期条件分析结果对照：
　　9 10 21 22 33 条件1-2 重点10 21 条件错，未出号
　　3 4 15 16 27 28 条件1-2 重点15 16 27 条件错，未出号
　　1 12 13 24 25 条件0-1 重点12 13 24 条件不足，出号01 12 25
　　6 7 18 19 30 31 条件0-1 重点06 19 条件对，未出号
　　2 5 8 11 14 17 20 23 26 29 32 条件2-4重点05 08 17 20 23 29 条件对，出号05 23 26
　　本期蓝球重点看温热蓝，主看01 09 07 10，防11 条件错，出冷号15
　　007期号码点评：本期红球三区比开出2:1:3，下期看好红二区加大出球力度。红球同尾本期出05 25，下期仍看有同尾出现。连号连续断出后本期开出两连25 26，下期可着重看三连号的开出。本期红球奇偶开出4-2，下期可关注偶数走热，奇偶2-4。红球的冷热号码本期正常，开出2个冷码05 23。下期的冷码球共有04 07 09 10 14 16 19 22 24 27 29 32 共12个，下期关注开出1-3个。(再次提示，我们可以把红球五期以上未开出的号定为冷码，从历史数据看，绝大多数情况下，每期开出的冷码不会超过三个。)本点评独家供给新浪彩票频道，如有转载请注明出处。 
　　蓝球点评：本期开出冷码15，下期可关注热码回调。
　　09008期条件分析：
　　9 10 21 22 33 条件1-2 重点10 21 22
　　3 4 15 16 27 28 条件1-2 重点04 16 27
　　1 12 13 24 25 条件0-2 重点12 13 24
　　6 7 18 19 30 31 条件0-1 重点06 30
　　2 5 8 11 14 17 20 23 26 29 32 条件1-3重点02 05 11 20 26 29
　　本期蓝球重点看温热蓝，主看15 14 13 03 ，防16
　　友情提示：以上点评及各组条件仅供双色球爱好者参考研究。本条件独家供给新浪彩票频道，如有转载请注明出处。 

