彩云追福双色球007期条件分析：红球看三区趋均衡
　　006期开出奖号：06 12 18 20 26 33+ 02
　　点击进入双色球玩法经典选号图表
　　006期条件分析结果对照：
　　9 10 21 22 33 条件1-2 重点09 10 21 条件对，重点错，出33
　　3 4 15 16 27 28 条件0-1 重点16 28 条件对，未出号
　　1 12 13 24 25 条件1-2 重点01 12 24 条件对，出12
　　6 7 18 19 30 31 条件0-1 重点18 30 条件不足，出06 18
　　2 5 8 11 14 17 20 23 26 29 32 条件2-4重点02 08 11 20 23 32 条件对，出20 26
　　本期蓝球重点看温热蓝，主看16 02 14 08 ，防12 条件对，出02
　　006期号码点评：本期红球三区比开出1:3:2，红球三个区的冷热球数持平，下期整体出球量仍看好趋于三个区平衡。红球同尾本期出06 26，下期看有同尾出现。连号继续断出，可着重看三连号的开出。本期红球奇偶开出1-5，下期仍可关注偶数持热，奇偶2-4。红球的冷热号码本期偏态，开出4个冷码12 18 20 26。下期的冷码球共有04 05 07 09 16 19 22 23 24 27 32 共11个，下期仍关注开出0-2个。(再次提示，我们可以把红球五期以上未开出的号定为冷码，从历史数据看，绝大多数情况下，每期开出的冷码不会超过三个。)本点评独家供给新浪彩票频道，如有转载请注明出处。 
　　蓝球点评：本期开出热码02，下期可关注冷码回调。
　　09007期条件分析：
　　9 10 21 22 33 条件1-2 重点10 21
　　3 4 15 16 27 28 条件1-2 重点15 16 27
　　1 12 13 24 25 条件0-1 重点12 13 24
　　6 7 18 19 30 31 条件0-1 重点06 19
　　2 5 8 11 14 17 20 23 26 29 32 条件2-4重点05 08 17 20 23 29
　　本期蓝球重点看温热蓝，主看01 09 07 10，防11
　　友情提示：以上点评及各组条件仅供双色球爱好者参考研究。本条件独家供给新浪彩票频道，如有转载请注明出处。 

