新浪专家智博双色球09007期：尾数和值建议27-33
　　福彩双色球第09006期开奖号码：06 12 18 20 26 33 + 02。又开出蓝球号码02。
　　我们建议低频组合号码05 08 09 13 20 22 24 25 28 30设置=0-2，这一判断正确。本期的低频组合号码是：06 08 09 11 12 16 17 24 26 27 31，建议设置=0-1。
　　上期开奖号码比较有意思，完全回补奇偶偏态。在004、005期连续两期开出5奇1偶的情况以后，立刻开出5偶1奇的格局，类似于3D的小盘游戏的即时回补。我们上期提出的几个观点：一是连号增加，二是尾数和增加，三是尾数组数增加。除了尾数组数增加以外，其余两个条件并未出现。我们必须继续关注这种现象。尤其是尾数和，其增加是必然趋势。在连续两期的25点以后，必然有较大的波动。007期尾数和值建议27-33。
　　上期和值115点，在连续4期的奇数值以后，当前要密切关注偶值的回补。建议本期和值为90-112点间的偶数点位。重点推荐：92 94 96 98 102 104 108 112。
　　连号作为需要重点关注的指标，现在已经超期，如若不入冷宫，短期内必有反应。建议设置1-2枚连号，连号组数1-2。
　　质数个数上期断档，如果像奇偶那样的回补频率，本期倒可关注质数的密集反扑。推荐3-4枚质数号码。
　　蓝球方面：蓝球02在30期内开出8次之多，这正验证了强者恒强的道理。但是，反者道之动，我们要密切注意冷号码，因为大热必然伴随大冷的出现。当前遗漏值最长的几个号码：01 05 07 11 12 15是我们关注的重中之重。根据智博智能杀号工具，我们在006期杀掉蓝球：02 03 05 07 08 09 10 11 13 14，那么与我们推荐冷号相取交集的号码就只有01 12 15这3个号码了。可以作为09007期蓝球投号的重点。
　　彩票有风险，请彩民朋友谨慎参考。

