彩云追福双色球005期条件分析：红球主看三区持热
　　004期开出奖号：03 11 13 17 28 31+ 03
　　点击进入双色球玩法经典选号图表
　　004期条件分析结果对照：
　　9 10 21 22 33 条件0-2 重点10 21 33 条件对，没出号
　　3 4 15 16 27 28 条件1-3 重点03 04 16 条件对，出号03 28
　　1 12 13 24 25 条件0-1 重点12 13 条件对，出号13
　　6 7 18 19 30 31 条件0-1 重点07 18 条件对，出号31
　　2 5 8 11 14 17 20 23 26 29 32 条件1-3重点05 08 11 14 20 26 条件对，出号11 17
　　本期蓝球重点看冷蓝，主看13 09 11 01，防07 条件对，主看错，出冷奇号03
　　004期号码点评：本期红球三区比开出2:2:2，从红球各区冷热形势看，下期可看小号区继续加热，而红三区也是热号一片，值得关注，冷球数量已经是近期最低，可适当减少出量。红球同尾本期出03 13和11 31，下期可看没有同尾出现。连号断出，三连号的开出已经到时候了。本期红球奇偶开出5-1，奇号终于得到回补，下期可关注奇偶4-2。红球的冷热号码本期正常，开出3个冷码11 13 28。下期的冷码球共有01 08 09 12 16 18 19 20 27 32 共10个，下期要关注开出0-2个。(再次提示，我们可以把红球五期以上未开出的号定为冷码，从历史数据看，绝大多数情况下，每期开出的冷码不会超过三个。)本点评独家供给新浪彩票频道，如有转载请注明出处。 
　　蓝球点评：本期开出冷码03，连续9期偶数局面终于结束，但得考虑偶球重出。
　　09005期条件分析：
　　9 10 21 22 33 条件1-2 重点10 21 33
　　3 4 15 16 27 28 条件1-2 重点03 04 16
　　1 12 13 24 25 条件0-2 重点01 12 13
　　6 7 18 19 30 31 条件0-1 重点06 18
　　2 5 8 11 14 17 20 23 26 29 32 条件1-3重点02 05 14 20 26 32
　　本期蓝球重点看冷蓝，主看13 12 06 01 ，防07

