彩云追福双色球006期条件分析：红球主看各区均衡
　　005期开出奖号：01 03 08 15 17 21+ 13
　　点击进入双色球玩法经典选号图表
　　005期条件分析结果对照：
　　9 10 21 22 33 条件1-2 重点10 21 33 条件对，出号21
　　3 4 15 16 27 28 条件1-2 重点03 04 16 条件对，出号03 15
　　1 12 13 24 25 条件0-2 重点01 12 13 条件对，出号01
　　6 7 18 19 30 31 条件0-1 重点06 18 条件对，未出号
　　2 5 8 11 14 17 20 23 26 29 32 条件1-3重点02 05 14 20 26 32 条件对，重点错，出号08 17
　　本期蓝球重点看冷蓝，主看13 12 06 01 ，防07 条件对，出号13
　　005期号码点评：本期红球三区比开出3:3:0，从红球各区冷热形势看，目前二区的冷球数量稍多，但其出球态势明朗，下期整体出量看好三个区平衡。红球同尾本期出01 21，下期可看没有同尾出现。连号继续断出，冷淡多期的三连号如箭在弦。本期红球奇偶继续开出5-1，奇号回补明显，下期可关注偶数回调，奇偶2-4。红球的冷热号码本期正常，开出2个冷码01 08。下期的冷码球共有05 07 09 12 16 18 19 20 22 26 27 32 共12个，下期仍关注开出0-2个。(再次提示，我们可以把红球五期以上未开出的号定为冷码，从历史数据看，绝大多数情况下，每期开出的冷码不会超过三个。)本点评独家供给新浪彩票频道，如有转载请注明出处。 
　　蓝球点评：本期开出冷码13，下期可关注温热码回调。
　　09006期条件分析：
　　9 10 21 22 33 条件1-2 重点09 10 21
　　3 4 15 16 27 28 条件0-1 重点16 28
　　1 12 13 24 25 条件1-2 重点01 12 24
　　6 7 18 19 30 31 条件0-1 重点18 30
　　2 5 8 11 14 17 20 23 26 29 32 条件2-4重点02 08 11 20 23 32
　　本期蓝球重点看温热蓝，主看16 02 14 08 ，防12
　　友情提示：以上点评及各组条件仅供双色球爱好者参考研究。本条件独家供给新浪彩票频道，如有转载请注明出处。 

