彩云追福双色球009期条件分析：红球主看热号发力
　　008期开出奖号：04 15 16 22 32 33+ 02
　　点击进入双色球玩法经典选号图表
　　008期条件分析结果对照：
　　9 10 21 22 33 条件1-2 重点10 21 22 条件对，出号22 33
　　3 4 15 16 27 28 条件1-2 重点04 16 27 条件不足，出号04 15 16
　　1 12 13 24 25 条件0-2 重点12 13 24 条件对，未出号
　　6 7 18 19 30 31 条件0-1 重点06 30 条件对，未出号
　　2 5 8 11 14 17 20 23 26 29 32 条件1-3重点02 05 11 20 26 29 条件对，出号32
　　本期蓝球重点看温热蓝，主看15 14 13 03 ，防16 条件对，主看错，出热码02
　　008期号码点评：本期红球三区比开出1:3:2，下期看好红一区加大出球力度。红球同尾本期出22 32，下期仍可看有同尾出现。连号本期开出两组两连15 16和32 33，下期可着重关注三连号的开出。本期红球奇偶开出2-4，下期可关注奇偶3-3。红球的冷热号码本期再度偏态，开出4个冷码04 16 22 32。下期的冷码球共有02 07 09 10 14 19 24 27 29 30共10个，下期关注开出0-1个。(再次提示，我们可以把红球五期以上未开出的号定为冷码，从历史数据看，绝大多数情况下，每期开出的冷码不会超过三个。)本点评独家供给新浪彩票频道，如有转载请注明出处。 
　　蓝球点评：本期开出热码02，下期可关注冷码开出。
　　09009期条件分析：
　　9 10 21 22 33 条件1-2 重点10 21 22
　　3 4 15 16 27 28 条件0-1 重点03 27
　　1 12 13 24 25 条件1-2 重点01 12 13
　　6 7 18 19 30 31 条件0-1 重点06 31
　　2 5 8 11 14 17 20 23 26 29 32 条件2-3重点02 11 20 23 26 32
　　本期蓝球重点看温热蓝，主看10 11 09 12，防01
　　友情提示：以上点评及各组条件仅供双色球爱好者参考研究。本条件独家供给新浪彩票频道，如有转载请注明出处。 

