专家詹天佑福彩3D第09040期分析：合值推荐16 18
　　一、本人通过钟摆撞击来分析，上期开出奖号897最后的落脚点立于7数字，本期钟摆力会有所改变，撞击幅度变化相对有所减小，本期百位力的落脚点会在3 6 9三位上停留，十位力的落脚点会在2 7 8数上停留，个位力的落点会在5 6 8数上停留。
　　二、所以本期会出现的高机率号应是: 2 3 5 6 7 8 9
　　三、根据前面分析我们会得出以下注数:
　　325 326 328 375 376 378 385 386 388 625 626 628 675 676 678 685 686 688 925 926 928 975 976 978 985 986 988
　　四精选码：2 6 8
　　五、本人分析这期的胆码为：6
　　六、精选号: 325 326 328 376 378 385 386 625 925 926
　　七、上述分析结合本人的观察
　　合值范：12--22
　　[华彩网]福彩3D 09040期二码推荐
　　35 36 37 38 45 47 48 68 76 96
　　福彩3D 09040期三码推荐:
　　352 362 376 385 452 472 489 683 763 962
　　华彩网特供稿件

