彩云追福双色球09019期条件分析：红球三区呈热态
　　018期开出奖号：02 05 06 19 27 30+ 15
　　点击进入双色球玩法经典选号图表
　　018期条件分析结果对照：
　　9 10 21 22 33 条件1-2 重点10 21 33 条件错，未出号
　　3 4 15 16 27 28 条件0-2 重点15 27 28 条件对。出27
　　1 12 13 24 25 条件1-2 重点12 13 24 条件错，未出号
　　6 7 18 19 30 31 条件1-2 重点18 30 31 条件不足，出号06 19 30
　　2 5 8 11 14 17 20 23 26 29 32 条件0-1重点05 11 20 26 条件不足，出号02 05
　　本期蓝球重点看热蓝，主看09 15 01，防16 条件对，出热蓝15
　　018期号码点评：红球三区比开出3:1:2，红球第三区继续开出两码，下期仍要关注三区出球2-3个。红球同尾本期断出，下期可看有一组同尾出现。连号本期开出两连05 06，红三连冷出已呈历史少见的偏态，近期需要关注三连号的开出。本期红球奇偶仍开出3-3，下期可关注奇偶4-2。红球的冷热号码本期正常，开出2个冷码05 30。下期的冷码球共有01 08 10 11 12 21 22 23 24 28 29 31共12个，下期冷球关注开出1-3个。(再次提示，我们可以把红球五期以上未开出的号定为冷码，从历史数据看，绝大多数情况下，每期开出的冷码不会超过三个。)本点评独家供给新浪彩票频道，如有转载请注明出处。
　　蓝球点评：本期连续三期开出冷码后本期开出热码，下期仍有望开出冷码。
　　09019期条件分析：
　　9 10 21 22 33 条件1-2 重点10 21 33
　　3 4 15 16 27 28 条件1-2 重点15 27 28
　　1 12 13 24 25 条件1-3 重点01 12 13 25
　　6 7 18 19 30 31 条件0-2 重点19 30 31
　　2 5 8 11 14 17 20 23 26 29 32 条件0-1重点11 20 26 32
　　本期蓝球重点看冷蓝，主看11 12 13，防16
　　友情提示：以上点评及各组条件仅供双色球爱好者参考研究。本条件独家供给新浪彩票频道，如有转载请注明出处。

