彩云追福双色球09016期条件分析：红三区关注热出
　　015期开出奖号：02 04 06 15 17 32+ 05
　　点击进入双色球玩法经典选号图表
　　015期条件分析结果对照：
　　9 10 21 22 33 条件1-2 重点09 10 21 条件错，未出号
　　3 4 15 16 27 28 条件0-1 重点15 28 条件不足，出号04 15
　　1 12 13 24 25 条件1-2 重点12 13 24 条件错，未出号
　　6 7 18 19 30 31 条件1-2 重点06 19 31 条件对，出号06
　　2 5 8 11 14 17 20 23 26 29 32 条件0-3重点05 08 17 26 32 条件对，出号02 17 32
　　本期蓝球重点看冷蓝，主看06 07 14 条件对，主看错，出号05
　　015期号码点评：红球三区比仍开出3:2:1，下期关注三区出球2-3个。红球同尾本期开出02 32，下期仍可看有同尾出现。连号本期开出偶三连02 04 06，近期仍需要关注三连号的开出。本期红球奇偶开出2-4，下期可关注奇偶4-2。红球的冷热号码本期正常，开出1个冷码32。下期的冷码球共有01 07 10 12 16 19 20 22 24 25 29 30 31 33共14个，下期冷球关注开出1-3个。(再次提示，我们可以把红球五期以上未开出的号定为冷码，从历史数据看，绝大多数情况下，每期开出的冷码不会超过三个。)本点评独家供给新浪彩票频道，如有转载请注明出处。
　　蓝球点评：本期开出冷码05，下期重点仍关注冷码开出。
　　09016期条件分析：
　　9 10 21 22 33 条件1-2 重点09 10 21
　　3 4 15 16 27 28 条件0-2 重点03 16 28
　　1 12 13 24 25 条件1-2 重点12 13 25
　　6 7 18 19 30 31 条件1-2 重点18 19 31
　　2 5 8 11 14 17 20 23 26 29 32 条件0-2重点05 11 23 32
　　本期蓝球重点看冷蓝，主看07 08 10，防15 02
　　友情提示：以上点评及各组条件仅供双色球爱好者参考研究。本条件独家供给新浪彩票频道，如有转载请注明出处。

