彩云追福双色球09015期条件分析：红二区持续发力
　　014期开出奖号：03 06 09 14 15 18+ 02
　　点击进入双色球玩法经典选号图表
　　014期条件分析结果对照：
　　9 10 21 22 33 条件0-2 重点10 21 33 条件对，出号09
　　3 4 15 16 27 28 条件1-2 重点15 27 条件对，出号03 15
　　1 12 13 24 25 条件1-2 重点12 13 25 条件错，未出号
　　6 7 18 19 30 31 条件1-2 重点18 19 31 条件对，出号06 18
　　2 5 8 11 14 17 20 23 26 29 32 条件1-2重点02 11 23 26 32 条件对，出号14
　　本期蓝球重点看温热蓝，主看13 02 15 01，防09 条件对，出号02
　　014期号码点评：红球三区比仍开出3:3:0，红球第三区出现断区，0路号码则热出达5个之多。观察目前红球分区形势，下期二区出球量仍不可忽视，三区小幅回升看1-2个。红球同尾本期再次断出，下期重点可看一组同尾出现。连号本期开出两连14 15，近期关注三连号的开出。本期红球奇偶开出3-3，奇数码逐渐走热，下期可关注奇偶4-2。红球的冷热号码本期正常，开出1个冷码06。下期的冷码球共有01 07 12 16 22 25 29 30 31 32 33共11个，015期冷球关注开出1-2个。(再次提示，我们可以把红球五期以上未开出的号定为冷码，从历史数据看，绝大多数情况下，每期开出的冷码不会超过三个。)本点评独家供给新浪彩票频道，如有转载请注明出处。
　　蓝球点评：本期开出热码02，下期重点关注冷码开出。
　　09015期条件分析：
　　9 10 21 22 33 条件1-2 重点09 10 21
　　3 4 15 16 27 28 条件0-1 重点15 28
　　1 12 13 24 25 条件1-2 重点12 13 24
　　6 7 18 19 30 31 条件1-2 重点06 19 31
　　2 5 8 11 14 17 20 23 26 29 32 条件0-3重点05 08 17 26 32
　　本期蓝球重点看冷蓝，主看06 07 14
　　友情提示：以上点评及各组条件仅供双色球爱好者参考研究。本条件独家供给新浪彩票频道，如有转载请注明出处。

