专家詹天佑福彩3D第09043期分析：合值推荐09 14
　　一、本人通过钟摆撞击来分析，上期开出奖号140最后的落脚点立于0数字，本期钟摆力会有所改变，撞击幅度变化相对有所减小，本期百位力的落脚点会在2 3 6三位上停留，十位力的落脚点会在0 2 7数上停留，个位力的落点会在1 3 9数上停留。
　　二、所以本期会出现的高机率号应是:0 1 2 3 6 7 9
　　三、根据前面分析我们会得出以下注数:
　　201 203 209 221 223 229 271 273 279 301 303 309 321 323 329 371 373 379 601 603 609 621 623 629 671 673 679
　　四精选码：2 3 6
　　五、本人分析这期的胆码为：2
　　六、精选号: 209 271 273 309 329 603 609 623 629 673
　　七、上述分析结合本人的观察
　　合值范：08--19
　　合值推荐：09 14
　　[华彩网]福彩3D 09043期二码推荐
　　28 32 38 39 52 57 58 61 63 69
　　福彩3D 09043期三码推荐:
　　285 326 385 394 521 572 582 613 634 691
　　华彩网特供稿件

