詹天佑福彩3D第09055期综合分析：本期胆码看好2
　　一、本人通过钟摆撞击来分析，上期开出奖号698最后的落脚点立于8数字，本期钟摆力会有所改变，撞击幅度变化相对有所减小，本期百位力的落脚点会在1 2 7三位上停留，十位力的落脚点会在4 5 6数上停留，个位力的落点会在2 3 5数上停留。
　　二、所以本期会出现的高机率号应是：1 2 3 4 5 6 7
　　三、根据前面分析我们会得出以下注数：
　　123 124 125 126 127 134 135 136 137 145 146 147 156 157 167 234 235 236 237 245 246 247 256 257 267 345 346 347 357 367 456 457 467 567
　　四精选码：2 5 7
　　五、本人分析这期的胆码为：2
　　六、精选号： 275 853 635 264 613 845 530 743 762 753
　　七、上述分析结合本人的观察
　　合值范：09--19
　　合值推荐：10 15
　　[华彩网]福彩3D 090455期二码推荐：
　　26 27 18 40 95 17 65 73 25 78
　　福彩3D 09055期三码推荐
　　265 973 203 543 657 650 183 742 751 729
　　华彩网特供稿件

