詹天佑福彩3D第09049期综合分析：合值推荐19 20
　　一、本人通过钟摆撞击来分析，上期开出奖号939最后的落脚点立于9数字，本期钟摆力会有所改变，撞击幅度变化相对有所增大，本期百位力的落脚点会在2 5 7三位上停留，十位力的落脚点会在1 5 6数上停留，个位力的落点会在0 6 8数上停留。
　　二、所以本期会出现的高机率号应是： 0 1 2 5 6 7 8
　　三、根据前面分析我们会得出以下注数：
　　210 216 218 250 256 258 260 266 268 510 516 518 550 556 558 560 566 568 710 716 718 750 756 758 760 766 768
　　四、精选码：5 6 7
　　五、本人分析这期的胆码为：7
　　六、精选号： 216 218 256 258 516 518 560 718 750 760
　　七、上述分析结合本人的观察
　　合值范围：10--23
　　合值推荐：19 20
　　[华彩网]福彩3D 09049期二码推荐
　　15 27 46 50 54 62 67 71 75 81
　　福彩3D 09049期三码推荐：
　　158 271 467 508 541 625 670 715 754 817
　　华彩网特供稿件

