詹天佑福彩3D第09047期综合分析：合值推荐18 20
　　一、本人通过钟摆撞击来分析，上期开出奖号989最后的落脚点立于9数字，本期钟摆力会有所改变，撞击幅度变化相对有所减小，本期百位力的落脚点会在0 5 6三位上停留，十位力的落脚点会在2 6 9数上停留，个位力的落点会在0 3 8 数上停留。
　　二、所以本期会出现的高机率号应是： 0 2 3 5 6 8 9
　　三、根据前面分析我们会得出以下注数：
　　020 023 028 060 063 068 090 093 098 520 523 528 560 563 568 590 593 598 620 623 628 660 663 668 690 693 698
　　四精选码：0 6 8
　　五、本人分析这期的胆码为：6
　　六、精选号： 063 093 098 523 528 560 563 623 690 693
　　七、上述分析结合本人的观察
　　合值范：11---22
　　合值推荐：18 20
　　[华彩网]福彩3D 09047期二码推荐
　　19 50 51 52 59 62 65 69 80 86
　　福彩3D 09047期三码推荐：
　　194 504 514 528 594 623 654 692 803 863
　　华彩网特供稿件

