詹天佑福彩3D第09048期综合分析：合值推荐14 17
　　一、本人通过钟摆撞击来分析，上期开出奖号393最后的落脚点立于3数字，本期钟摆力会有所改变，撞击幅度变化相对有所增大，本期百位力的落脚点会在0 6 8三位上停留，十位力的落脚点会在0 2 5数上停留，个位力的落点会在2 4 9数上停留。
　　二、所以本期会出现的高机率号应是： 0 2 4 5 6 8 9
　　三、根据前面分析我们会得出以下注数：
　　002 004 009 022 024 029 052 054 059 602 604 609 622 624 629 652 654 659 802 804 809 822 824 829 852 854 859
　　四、精选码：0 2 6
　　五、本人分析这期的胆码为：6
　　六、精选号： 619 547 593 097 683 950 584 806 552 054
　　七、上述分析结合本人的观察
　　合值范围：09--19
　　合值推荐：14 17
　　[华彩网]福彩3D 09048期二码推荐：
　　37 39 51 46 92 17 80 75 64 80
　　福彩3D 09048期三码推荐
　　195 728 329 529 917 584 813 726 837 803
　　华彩网特供稿件

