詹天佑09068期福彩3D分析推荐：合值范围05--19
　　一、本人通过钟摆撞击来分析，上期开出奖号016最后的落脚点立于6数字，本期钟摆力会有所改变，撞击幅度变化相对有所减小，本期百位力的落脚点会在2 4 7三位上停留，十位力的落脚点会在0 4 7数上停留，个位力的落点会在1 3 9数上停留。
　　二、所以本期会出现的高机率号应是：0 1 2 3 4 7 9
　　三、根据前面分析我们会得出以下注数：
　　201 203 209 241 243 249 271 273 279 401 403 409 441 443 449 471 473 479 701 703 709 741 743 749 771 773 779
　　四精选码：2 4 7
　　五、本人分析这期的胆码为：7
　　六、精选号： 209 249 271 273 279 409 473 703 741 743
　　七、上述分析结合本人的观察
　　合值范：05--19
　　合值推荐：09 11
　　[华彩网]福彩3D 09068期二码推荐
　　27 31 37 39 42 49 54 74 80 90
　　福彩3D 09068期三码推荐：
　　273 318 372 390 429 490 541 741 802 902
　　华彩网特供稿件

