詹天佑福彩3D第09059期综合分析：合值推荐09 12
　　一、本人通过钟摆撞击来分析，上期开出奖号208最后的落脚点立于8数字，本期钟摆力会有所改变，撞击幅度变化相对有所减小，本期百位力的落脚点会在0 4 7三位上停留，十位 力 的落脚点会在1 2 7数上停留，个位力的落点会在1 3 9数上停留。 
　　二、所以本期会出现的高机率号应是：0 1 2 3 4 7 9
　　三、根据前面分析我们会得出以下注数：
　　011 013 019 021 023 029 071 073 079 411 413 419 421 423 429 471 473 479 711 713 719 721 723 729 771 773 779
　　四精选码：1 3 7
　　五、本人分析这期的胆码为：1
　　六、精选号： 029 073 079 419 429 473 479 721 723 729
　　七、上述分析结合本人的观察
　　合值范：09--20
　　合值推荐：09 12
　　[华彩网]福彩3D 09059期二码推荐
　　09 18 37 41 71 72 80 84 90 91
　　福彩3D 09059期三码推荐：
　　094 185 370 415 714 720 803 843 903 914
　　华彩网特供稿件

