詹天佑福彩3D09061期分析：胆码为4 精选码1 3 4
　　一、本人通过钟摆撞击来分析，上期开出奖号774最后的落脚点立于4数字，本期钟摆力会有所改变，撞击幅度变化相对有所减小，本期百位力的落脚点会在1 4 9三位上停留，十位力的落脚点会在2 3 4数上停留，个位力的落点会在3 5 6数上停留。
　　二、所以本期会出现的高机率号应是：1 2 3 4 5 6 9
　　三、根据前面分析我们会得出以下注数：
　　123 125 126 133 135 136 143 145 146 423 425 426 433 435 436 443 445 446 923 925 926 933 935 936 943 945 946
　　四、精选码：1 3 4
　　五、本人分析这期的胆码为：4
　　六、精选号： 126 136 145 146 425 435 436 923 936 943
　　七、上述分析结合本人的观察
　　合值范：10--19
　　合值推荐：16 17
　　[华彩网]福彩3D 09061期二码推荐
　　13 14 18 42 52 82 83 91 94 98
　　福彩3D 09061期三码推荐：
　　136 147 186 425 526 823 830 916 940 983
　　华彩网特供稿件

