詹天佑09081期福彩3D分析：胆码4 合值推荐12 19
　　一、本人通过钟摆撞击来分析，上期开出奖号530最后的落脚点立于0数字，本期钟摆力会有所改变，撞击幅度变化相对有所增大，本期百位力的落脚点会在1 2 4三位上停留，十位力的落脚点会在3 4 6数上停留，个位力的落点会在2 5 9数上停留。
　　二、所以本期会出现的高机率号应是：1 2 3 4 5 6 9
　　三、根据前面分析我们会得出以下注数：
　　123 124 125 126 129 134 135 136 139 145 146 149 156 159 169 234 235 236 239 245 246 249 256 258 269 345 346 349 356 359 368 456 459 469 569
　　四精选码：4 5 6
　　五、本人分析这期的胆码为：4
　　六、精选号：463 749 614 940 629 395 752 326 918 560
　　七、上述分析结合本人的观察
　　合值范：09--21
　　合值推荐：12 19
　　[华彩网]福彩3D 09081期二码推荐
　　15 95 58 71 24 93 05 82 74 36
　　福彩3D 09081期三码推荐：
　　326 276 592 562 239 675 567 724 578 098
　　华彩网特供稿件

