詹天佑09076期福彩3D分析：胆码2 合值推荐11 14
　　[华彩网]福彩3D09076期詹天佑点评分析
　　一、本人通过钟摆撞击来分析，上期开出奖号999最后的落脚点立于9数字，本期钟摆力会有所改变，撞击幅度变化相对有所减少，本期百位力的落脚点会在1 2 6三位上停留，十位力的落脚点会在3 6 7数上停留，个位力的落点会在2 5 9数上停留。
　　二、所以本期会出现的高机率号应是：1 2 3 5 6 7 9
　　三、根据前面分析我们会得出以下注数：
　　123 125 126 127 129 135 136 137 139 156 157 159 167 169 179 235 236 237 239 256 257 259 269 279 356 357 359 367 369 379 567 569 579 679
　　四精选码：1 2 9
　　五、本人分析这期的胆码为：2
　　六、精选号： 291 527 392 954 189 265 335 405 493 252
　　七、上述分析结合本人的观察
　　合值范：09--21
　　合值推荐：11 14
　　[华彩网]福彩3D 09076期二码推荐
　　25 59 40 16 23 29 81 65 79 08
　　福彩3D 09076期三码推荐：
　　926 547 647 439 385 059 627 286 183 569
　　华彩网特供稿件

