詹天佑09070期福彩3D分析推荐：合值范围09--19
　　一、本人通过钟摆撞击来分析，上期开出奖号085最后的落脚点立于5数字，本期钟摆力会有所改变，撞击幅度变化相对有所增大，本期百位力的落脚点会在3 4 5三位上停留，十位力的落脚点会在2 3 7数上停留，个位力的落点会在1 4 8数上停留。
　　二、所以本期会出现的高机率号应是：1 2 3 4 5 7 8
　　三、根据前面分析我们会得出以下注数：
　　123 124 125 127 128 134 135 137 139 145 147 148 157 158 178 234 235 237 238 245 247 248 257 258 278 345 347 348 357 358 378 457 458 478 578
　　四精选码：2 4 5
　　五、本人分析这期的胆码为：5
　　六、精选号： 456 536 270 162 765 325 716 230 364 728
　　七、上述分析结合本人的观察
　　合值范：09--19
　　合值推荐：10 17
　　[华彩网]福彩3D 09070期二码推荐
　　23 70 94 59 81 27 56 22 18 79
　　福彩3D 09070期三码推荐：
　　536 790 605 557 934 752 097 285 723 616
　　华彩网特供稿件

