詹天佑09072期福彩3D分析：胆码9 合值范围09-19
　　一、本人通过钟摆撞击来分析，上期开出奖号047最后的落脚点立于7数字，本期钟摆力会有所改变，撞击幅度变化相对有所减小，本期百位力的落脚点会在2 4 5三位上停留，十位力的落脚点会在0 2 3数上停留，个位力的落点会在4 7 9数上停留。
　　二、所以本期会出现的高机率号应是：0 2 3 4 5 7 9
　　三、根据前面分析我们会得出以下注数：
　　023 024 025 027 029 034 035 037 039 045 047 049 057 059 079 234 235 237 239 245 247 249 257 259 279 345 347 349 357 359 379 457 459 479 579
　　四精选码：2 4 9
　　五、本人分析这期的胆码为：9
　　六、精选号： 294 437 048 234 518 246 608 075 359 821
　　七、上述分析结合本人的观察
　　合值范：09--19
　　合值推荐：12 15
　　[华彩网]福彩3D 09072期二码推荐
　　23 05 19 61 95 54 93 28 85 38
　　福彩3D 09072期三码推荐：
　　586 027 156 729 934 294 370 805 392 364　　
　　华彩网特供稿件

