詹天佑09091期福彩3D分析：胆码6 合值范围06-19
　　一、本人通过钟摆撞击来分析，上期开出奖号003最后的落脚点立于3数字，本期钟摆力会有所改变，撞击幅度变化相对有所减小，本期百位力的落脚点会在2 3 6三位上停留，十位力的落脚点会在2 4 6数上停留，个位力的落点会在0 1 8数上停留。
　　二、所以本期会出现的高机率号应是：0 1 2 3 4 6 8
　　三、根据前面分析我们会得出以下注数：
　　220 221 228 240 241 248 260 261 268 320 321 328 340 341 348 360 361 368 620 621 628 640 641 648 660 661 668
　　四精选码：2 3 6
　　五、本人分析这期的胆码为：6
　　六、精选号： 248 260 328 348 361 620 621 628 640 641
　　七、上述分析结合本人的观察
　　合值范：06--19
　　合值推荐：09 13
　　[华彩网]福彩3D 09091期二码推荐
　　25 34 36 37 42 45 53 56 72 83
　　福彩3D 09091期三码推荐：
　　250 348 361 372 427 451 530 560 720 831
　　华彩网特供稿件

