詹天佑09100期福彩3D分析：胆码6 合值范围11-20
　　一、本人通过钟摆撞击来分析，上期开出奖号436最后的落脚点立于6数字，本期钟摆力会有所改变，撞击幅度变化相对有所减小，本期百位力的落脚点会在2 6 7三位上停留，十位力的落脚点会在2 4 6数上停留，个位力的落点会在3 5 8数上停留。
　　二、所以本期会出现的高机率号应是：2 3 4 5 6 7 8
　　三、根据前面分析我们会得出以下注数：
　　223 225 228 243 245 248 263 265 268 623 625 628 643 645 648 663 665 668 723 725 728 743 745 748 763 765
　　四精选码：2 3 6
　　五、本人分析这期的胆码为：6
　　六、精选号： 245 263 265 623 625 645 723 725 743 763
　　七、上述分析结合本期的观察
　　合值范：11--20
　　合值推荐：14 17
　　[华彩网]福彩3D 09100期二码推荐
　　09 18 28 37 56 58 61 69 78 86
　　福彩3D 09100期三码推荐：
　　093 183 289 372 560 582 613 692 784 863
　　华彩网特供稿件

