詹天佑09105期福彩3D分析：胆码9 合值推荐13 14
　　一、本人通过钟摆撞击来分析，上期开出奖号515最后的落脚点立于5数字，本期钟摆力会有所改变，撞击幅度变化相对有所减小，本期百位力的落脚点会在0 3 9三位上停留，十位力的落脚点会在4 6 7数上停留，个位力的落点会在2 4 9数上停留。
　　二、所以本期会出现的高机率号应是：0 2 3 4 6 7 9
　　三、根据前面分析我们会得出以下注数：
　　042 044 049 062 064 069 072 074 079 342 344 349 362 364 369 372 374 379 942 944 949 962 964 969 972 974 979
　　四精选码：2 4 9
　　五、本人分析这期的胆码为：9
　　六、精选号： 049 069 349 362 364 372 374 942 962 964
　　七、上述分析结合本期的观察
　　合值范：08--19
　　合值推荐：13 14
　　[华彩网]福彩3D 09105期二码推荐
　　27 36 37 80 85 87 90 94 95 96
　　福彩3D 09105期三码推荐：
　　271 362 372 803 854 874 903 941 952 962
　　华彩网特供稿件

