詹天佑09107期福彩3D分析：胆码4 合值推荐13 15
　　一、本人通过钟摆撞击来分析，上期开出奖号580最后的落脚点立于0数字，本期钟摆力会有所改变，撞击幅度变化相对有所减小，本期百位力的落脚点会在2 4 6三位上停留，十位力的落脚点会在0 6 7 数上停留，个位力的落点会在4 5 9数上停留。
　　二、所以本期会出现的高机率号应是：0 2 4 5 6 7 9
　　三、根据前面分析我们会得出以下注数：
　　204 205 209 264 265 269 274 275 279 404 405 409 464 465 469 474 475 479 604 605 609 664 665 669 674 675 679
　　四精选码：4 6 7
　　五、本人分析这期的胆码为：4
　　六、精选号： 209 265 269 275 409 465 469 475 609 674
　　七、上述分析结合本期的观察
　　合值范：11--19
　　合值推荐：13 15
　　[华彩网]福彩3D 09107期二码推荐
　　16 23 25 27 34 36 45 73 83 93
　　福彩3D 09107期三码推荐：
　　163 236 256 274 348 367 457 736 836 932
　　华彩网特供稿件

