詹天佑09104期福彩3D分析：胆码3 合值推荐11 14
　　一、本人通过钟摆撞击来分析，上期开出奖号730最后的落脚点立于0数字，本期钟摆力会有所改变，撞击幅度变化相对有所减小，本期百位力的落脚点会在3 5 9三位上停留，十位力的落脚点会在0 6 7数上停留，个位力的落点会在3 4 9数上停留。
　　二、所以本期会出现的高机率号应是：0 3 4 5 6 7 9
　　三、根据前面分析我们会得出以下注数：
　　303 304 309 363 364 369 373 374 379 503 504 509 563 564 569 573 574 579 903 904 909 963 964 969 973 974 979
　　四精选码：3 5 9
　　五、本人分析这期的胆码为：3
　　六、精选号： 309 363 364 374 504 563 574 904 963 964
　　七、上述分析结合本期的观察
　　合值范：08--19
　　合值推荐：11 14
　　[华彩网]福彩3D 09104期二码推荐
　　26 27 32 36 52 56 67 85 86 96
　　福彩3D 09104期三码推荐：
　　269 273 329 361 529 562 672 852 863 964
　　华彩网特供稿件

