詹天佑09121期福彩3D分析：胆码0 合值范围06-18
　　一、本人通过钟摆撞击来分析，上期开出奖号301最后的落脚点立于1数字，本期钟摆力会有所改变，撞击幅度变化相对有所减小，本期百位力的落脚点会在0 5 7三位上停留，十位力的落脚点会在1 2 3数上停留，个位力的落点会在0 4 7数上停留。
　　二、所以本期会出现的高机率号应是：0 1 2 3 4 5 7
　　三、根据前面分析我们会得出以下注数：
　　010 014 017 020 024 027 030 034 037 510 514 517 520 524 527 530 534 537 710 714 717 720 724 727 730 734 737
　　四精选码：0 2 7
　　五、本人分析这期的胆码为：0
　　六、精选号： 017 027 510 520 524 530 710 720 724 730
　　七、上述分析结合本期的观察
　　合值范围：06--18
　　合值推荐：09 13
　　[华彩网]福彩3D 09121期二码推荐
　　07 02 41 42 51 52 54 72 70 74
　　福彩3D 09121期三码推荐：
　　017 027 417 427 510 527 534 712 720 734
　　华彩网特供稿件

