詹天佑09119期福彩3D分析：胆码7 合值推荐13 16
　　一、本人通过钟摆撞击来分析，上期开出奖号663最后的落脚点立于3数字，本期钟摆力会有所改变，撞击幅度变化相对有所减小，本期百位力的落脚点会在2 4 7三位上停留，十位力的落脚点会在3 5 7数上停留，个位力的落点会在1 6 7数上停留。
　　二、所以本期会出现的高机率号应是：1 2 3 4 5 6 7
　　三、根据前面分析我们会得出以下注数：
　　231 236 237 251 256 257 271 276 277 431 436 437 451 456 457 471 476 477 731 736 737 751 756 757 771 776 777
　　四精选码：2 4 7
　　五、本人分析这期的胆码为：7
　　六、精选号： 236 237 257 271 276 436 437 457 476 736
　　七、上述分析结合本期的观察
　　合值范：10-19
　　合值推荐：13 16
　　[华彩网]福彩3D 09119期二码推荐
　　38 43 47 72 75 83 85 87 92 93
　　福彩3D 09119期三码推荐：
　　387 437 471 726 750 831 850 870 921 936
　　华彩网特供稿件

