詹天佑09114期福彩3D点评分析：胆码5 合值14 16
　　一、本人通过钟摆撞击来分析，上期开出奖号705最后的落脚点立于5数字，本期钟摆力会有所改变，撞击幅度变化相对有所减小，本期百位力的落脚点会在2 5 8三位上停留，十位力的落脚点会在2 5 6数上停留，个位力的落点会在0 3 9数上停留。
　　二、所以本期会出现的高机率号应是：0 2 3 5 6 8 9
　　三、根据前面分析我们会得出以下注数：
　　220 223 229 250 253 259 260 263 269 520 523 529 550 553 559 560 563 569 820 823 829 850 853 859 860 863 869
　　四精选码：2 5 8
　　五、本人分析这期的胆码为：5
　　六、精选号： 253 259 269 523 560 563 823 850 853 863
　　七、上述分析结合本人的观察
　　合值范：11-18
　　合值推荐：14 16
　　[华彩网]福彩3D 09114二码推荐
　　36 39 52 56 58 59 83 89 92 96
　　福彩3D 09114期三码推荐：
　　361 390 529 561 580 590 831 890 921 963
　　华彩网特供稿件

