詹天佑09124期福彩3D分析：胆码3 合值范围12-20
　　一、本人通过钟摆撞击来分析，上期开出奖号992最后的落脚点立于2数字，本期钟摆力会有所改变，撞击幅度变化相对有所减小，本期百位力的落脚点会在3 5 8三位上停留，十位力的落脚点会在5 6 7数上停留，个位力的落点会在0 3 4数上停留。
　　二、所以本期会出现的高机率号应是：0 3 4 5 6 7 8
　　三、根据前面分析我们会得出以下注数：
　　350 353 354 360 363 364 370 373 374 550 553 554 560 563 564 570 573 574 850 853 854 860 863 864 870 873 874
　　四精选码：3 5 8
　　五、本人分析这期的胆码为：3
　　六、精选号： 354 364 563 564 574 850 853 854 870 873
　　七、上述分析结合本期的观察
　　合值范围：12-20
　　合值推荐：16 19
　　[华彩网]福彩3D 09124期二码推荐
　　07 08 27 58 73 28 56 75 53 84
　　福彩3D 09124期三码推荐：
　　057 068 217 258 273 528 560 725 753 854
　　华彩网特供稿件

