詹天佑第09131期福彩3D分析：胆码7 合值看10-20
　　一、本人通过钟摆撞击来分析，上期开出奖号269最后的落脚点立于9数字，本期钟摆力会有所改变，撞击幅度变化相对有所增大，本期百位力的落脚点会在4 6 7三位上停留，十位力的落脚点会在1 2 4数上停留，个位力的落点会在0 5 7数上停留。
　　二、所以本期会出现的高机率号应是：0 1 3 4 5 7 8
　　三、根据前面分析我们会得出以下注数：
　　410 415 417 420 425 427 440 445 447 610 615 617 620 625 627 640 645 647 710 715 717 720 725 727 740 745 747
　　四精选码：2 4 7
　　五、本人分析这期的胆码为：7
　　六、精选号： 415 417 425 615 625 645 647 725 740 745
　　七、上述分析结合本人的观察
　　合值范围：10--20
　　合值推荐：15 18
　　[华彩网]福彩3D 09131期二码推荐
　　12 15 98 30 45 38 72 17 08 07
　　福彩3D 09131期三码推荐：
　　142 185 198 305 345 380 372 417 085 407
　　华彩网特供稿件

