詹天佑排列三第09166期点评：看好和值范围10-23
　　09165期和值为15，奇偶比1：2，大小比2：1，和值受力减小，和值比上期仅仅上升了3个点位，走势保持稳定的小幅上升，本期和值还有望继续在周边停留，看好受力稳定的周边范围内和值开出，看好和值范围：10-23
　　一号位中出奖号1，此号位近期的号码出球反弹走势连续保持，开出比上期下降4个点位的低段温码1，号码1的出球温度保持恒温，本期出球看好受力减小的周边冷码开出，防守再次开出反弹上升的高段号码，看好出球号码：0 2 4 6 8
　　二号位中出奖号6，号码出球比上期上升了1个点位，开出高段冷码6，号码出球受力几乎消失，从近期的历史走势上看来本期号码出球受力大幅增加的可能性较大，关注反弹下降的低段冷码出球，出球号码看好：1 3 4 5 9
　　三号位中出奖号8，号码出球比上期上升了6个点位，号码出球受力有所增加，出球状态也逐渐向冷码出球转移，本期号码可能会在周边作出一定的停留，看好中高段冷码出球，看好出球号码1 3 5 7 9
　　推荐：019 231 495 617 853
　　华彩网特供稿件
　　09165期和值为15，奇偶比1：2，大小比2：1，和值受力减小，和值比上期仅仅上升了3个点位，走势保持稳定的小幅上升，本期和值还有望继续在周边停留，看好受力稳定的周边范围内和值开出，看好和值范围：10-23
　　一号位中出奖号1，此号位近期的号码出球反弹走势连续保持，开出比上期下降4个点位的低段温码1，号码1的出球温度保持恒温，本期出球看好受力减小的周边冷码开出，防守再次开出反弹上升的高段号码，看好出球号码：0 2 4 6 8
　　二号位中出奖号6，号码出球比上期上升了1个点位，开出高段冷码6，号码出球受力几乎消失，从近期的历史走势上看来本期号码出球受力大幅增加的可能性较大，关注反弹下降的低段冷码出球，出球号码看好：1 3 4 5 9
　　三号位中出奖号8，号码出球比上期上升了6个点位，号码出球受力有所增加，出球状态也逐渐向冷码出球转移，本期号码可能会在周边作出一定的停留，看好中高段冷码出球，看好出球号码1 3 5 7 9
　　推荐：019 231 495 617 853
　　华彩网特供稿件

