詹天佑09162期福彩3D分析：胆码6 合值范围11-18
　　一、本人通过钟摆撞击来分析，上期开出奖号048最后的落脚点立于8数字，本期钟摆力会有所改变，撞击幅度变化相对有所减小，本期百位力的落脚点会在2 7 9三位上停留，十位力的落脚点会在1 6 9数上停留，个位力的落点会在0 5 6 数上停留。
　　二、所以本期会出现的高机率号应是：0 1 2 5 6 7 9
　　三、根据前面分析我们会得出以下注数：
　　210 215 216 260 265 266 290 295 296 710 715 716 760 765 766 790 795 796 910 915 916 960 965 966 990 995 996
　　四精选码：2 6 9
　　五、本人分析这期的胆码为：6
　　六、精选号： 265 290 295 296 716 760 790 910 916 960
　　七、上述分析结合本期的观察
　　合值范：11--18
　　合值推荐：15 17
　　[华彩网]福彩3D 09162二码推荐
　　27 28 35 38 45 49 56 57 86 91
　　福彩3D 09162期三码推荐：
　　274 285 352 382 452 491 562 572 863 961
　　华彩网特供稿件

