詹天佑09161期福彩3D分析：胆码6 合值推荐12 15
　　一、本人通过钟摆撞击来分析，上期开出奖号627最后的落脚点立于7数字，本期钟摆力会有所改变，撞击幅度变化相对有所减小，本期百位力的落脚点会在4 6 9三位上停留，十位力的落脚点会在1 6 7数上停留，个位力的落点会在0 4 5 数上停留。
　　二、所以本期会出现的高机率号应是：0 1 4 5 6 7 9
　　三、根据前面分析我们会得出以下注数：
　　410 414 415 460 464 465 470 474 475 610 614 615 660 664 665 670 674 675 910 914 915 960 964 965 970 974 975
　　四精选码：0 4 6
　　五、本人分析这期的胆码为：6
　　六、精选号： 415 465 470 475 614 615 670 674 910 960
　　七、上述分析结合本期的观察
　　合值范围：10--17
　　合值推荐：12 15
　　[华彩网]福彩3D 09161期二码推荐
　　81 05 92 46 52 45 69 56 97 49
　　福彩3D 09161期三码推荐：
　　851 905 920 469 852 475 069 546 957 494
　　华彩网特供稿件

