詹天佑福彩3D第09187期点评分析：合值推荐15 16
　　一、本人通过钟摆撞击来分析，上期开出奖号017最后的落脚点立于7数字，本期钟摆力会有所改变，撞击幅度变化相对有所减小，本期百位力的落脚点会在3 4 9三位上停留，十位力的落脚点会在5 6 7数上停留，个位力的落点会在2 4 9数上停留。
　　二、所以本期会出现的高机率号应是：2 3 4 5 6 7 9
　　三、根据前面分析我们会得出以下注数：
　　352 354 359 362 364 369 372 374 379 452 454 459 462 464 469 472 474 479 952 954 959 962 964 969 972 974 979
　　四精选码：2 4 9
　　五、本人分析这期的胆码为：9
　　六、精选号： 352 354 362 364 372 452 469 472 962 964
　　七、上述分析结合本期的观察
　　合值范围：10--19
　　合值推荐：15 16
　　[华彩网]福彩3D 09187期二码推荐
　　30 52 42 34 42 50 08 35 20 18
　　福彩3D 09187期三码推荐：
　　360 352 482 304 462 750 028 359 240 318
　　华彩网特供稿件
　　一、本人通过钟摆撞击来分析，上期开出奖号017最后的落脚点立于7数字，本期钟摆力会有所改变，撞击幅度变化相对有所减小，本期百位力的落脚点会在3 4 9三位上停留，十位力的落脚点会在5 6 7数上停留，个位力的落点会在2 4 9数上停留。
　　二、所以本期会出现的高机率号应是：2 3 4 5 6 7 9
　　三、根据前面分析我们会得出以下注数：
　　352 354 359 362 364 369 372 374 379 452 454 459 462 464 469 472 474 479 952 954 959 962 964 969 972 974 979
　　四精选码：2 4 9
　　五、本人分析这期的胆码为：9
　　六、精选号： 352 354 362 364 372 452 469 472 962 964
　　七、上述分析结合本期的观察
　　合值范围：10--19
　　合值推荐：15 16
　　[华彩网]福彩3D 09187期二码推荐
　　30 52 42 34 42 50 08 35 20 18
　　福彩3D 09187期三码推荐：
　　360 352 482 304 462 750 028 359 240 318
　　华彩网特供稿件

