云网彩赢通双色球09091期分析推荐：关注正常比值
　　双色球第2009090期红球开出：07.09.14.20.23.30；蓝球：14
　　090期奇偶比开出3：3，大小比为3：3，和值开出103。根据上期号码表现特征，第091期分析如下：
　　1、奇偶分析：本期奇偶比开出了3：3的正常比值。因为偏态比值活跃了很长一段时间，所以正常比值一定会进行回补，所以推荐关注奇偶比开出3：3或4：2。　
　　2、大小分析：本期大小比开出了3：3的正常比值，从近期的走势来看，大小比明显出现了正常比值和微偏态比值交替出现的走势，所以下期继续推荐关注大小比开出2：4或4：2。
　　3、和值分析：本期和值开出103，近期从数据中可以看出和值是一路回落，今日终于有所回升，百点和值的平衡状态是最被看好的，所以建议下期关注和值在百点左右。推荐和值范围为95-115。
　　综合点评及推荐：
　　本期奇偶比呈现稍微的正常比值，预计在下期的奇偶比将会继续出现正常比值，而大小比则看好微偏态比值。和值方面看好百点左右和值。综上分析双色球第091期推荐奇偶比开出3：3或4：2，大小比开出2：4或4：2，和值范围为95-115。
　　根据北福彩官网数据，tb.bjfcdt.gov.cn云网彩赢通双色球第2009091期推荐红球为：07.08.09.11.12.13.15.17.18.20.23.30.31.32.33；
　　蓝球：07.08.09.13.16。
　　通过对各家媒体预测的综合分析得出以下值得关注的号码：　　
　　1: 07 08 11 20 30 31 + 09      2: 08 11 12 15 20 33 + 16   
　　3: 08 09 11 18 20 30 + 09      4: 09 12 15 18 30 32 + 13   
　　5: 07 08 09 18 31 32 + 16      6: 08 09 11 18 23 30 + 09   
　　7: 07 09 15 20 30 32 + 07      8: 07 08 09 18 20 33 + 09   
　　9: 07 08 12 18 31 33 + 16     10: 07 08 15 18 20 33 + 09   
　　11: 09 11 12 18 30 33 + 08     12: 08 09 13 18 20 31 + 16   
　　13: 07 08 12 13 30 33 + 09     14: 07 12 15 17 18 30 + 09   
　　15: 09 11 15 18 30 32 + 08     16: 07 09 12 18 30 33 + 08   
　　17: 07 12 15 18 30 31 + 13     18: 08 09 13 17 18 30 + 09   
　　19: 08 11 12 18 30 33 + 09     20: 07 09 12 18 20 30 + 09   
　　21: 07 12 15 18 23 30 + 09     22: 08 11 12 13 30 33 + 09   
　　23: 08 09 11 18 31 32 + 16     24: 08 09 12 20 30 33 + 13   
　　25: 08 13 15 18 20 33 + 09     26: 08 12 15 20 23 30 + 16   
　　27: 08 11 12 20 30 33 + 09     28: 11 12 15 18 20 30 + 09   
　　29: 09 12 15 20 23 32 + 16     30: 08 11 15 20 30 32 + 09   
　　31: 09 11 12 18 31 32 + 16     32: 12 13 15 18 20 30 + 09   
　　33: 07 12 15 20 30 32 + 09     34: 08 11 15 18 30 33 + 07   
　　35: 08 11 15 18 30 33 + 08     36: 07 12 15 18 31 32 + 16   
　　37: 07 08 15 18 31 32 + 16     38: 11 12 15 18 20 33 + 09   
　　39: 08 09 15 18 20 33 + 13     40: 07 08 09 15 30 32 + 13   
　　41: 11 12 15 17 20 30 + 09     42: 07 12 15 18 20 31 + 16   
　　43: 08 13 15 18 20 30 + 09     44: 07 12 15 18 20 33 + 09   
　　45: 09 11 12 15 30 32 + 13  
　　北福彩官网http://www.bjfcdt.gov.cn/
新浪专家组预测：[彩民周刊专家组：重点关注三区冷号][小宋观点：重点关注偶数走热][大尉双色球第09091期：和值80-105 蓝荐09防10][彩赢通第091期双色球：关注正常比值][双色球09091期媒体擂台：红球重点26大热 三家蓝胆选09][白羊双色球：关注重号转热][詹天佑双色球091期分布图：头码看03][英豪十字走阵：防尾34567(图)][英豪红球专点]
点击进入双色球玩法经典选号图表  双色球投注计算器特色推荐图：红球螺旋分布 17号码轴形 红球3分区图 和值区间分布 蓝球4*4矩阵图号码走势图：历史开奖号码 出号顺序统计 红球分区走势 蓝球分区走势 红球五行走势折线统计图：历史同期数据 奇号个数折线 号码和值折线 最大号码连续 最小临号间距遗漏统计图：红球奖号遗漏 大小号码遗漏 奇偶号码遗漏 五行分布遗漏 和值数据遗漏

