云网彩赢通双色球09084期分析推荐：关注百点和值
　　双色球第2009083期红球开出：02.08.12.18.24.28；蓝球：04
　　082期奇偶比开出0：6，大小比为3：3，和值开出92。根据上期号码表现特征，第084期分析如下：
　　1、奇偶分析：本期奇偶比开出了0：6的严重偏态比值。本期的奇偶比值以严重偏态的比值进行表现，而与此相反的正常比值却被压制下去，但是它是不可能有继续发展下去的能力，终究还是会有正常比值来主演，所以看好正常比值走势将会开出，所以推荐关注奇偶比开出3：3或4：2。　
　　2、大小分析：本期大小比开出了3：3的正常比值，正如上期所言从近期的大小走势图来看，正常比值开出的时间太长，应该提防的是微偏态比值，所以下期推荐关注大小比开出2：4或4：2。
　　3、和值分析：在前期和值走高后，在上期和值终于下降，本期和值依然在百点一下，和值的回落平衡了和值的走势，接下来的走势将在百点左右，所以建议下期关注和值在百点左右。推荐和值范围为95-115。
　　综合点评及推荐：
　　本期奇偶比呈现偏态出现，大小比再次开正常态比值，所以预计在下期的奇偶和大小比可能会同时表现为正常走势，大小比可能会出现微偏态比值。而和值方面看好百点左右和值。综上分析双色球第084期推荐奇偶比开出3：3或4：2，大小比开出2：4或4：2，和值范围为95-115。
　　根据北福彩官网数据，tb.bjfcdt.gov.cn云网彩赢通双色球第2009084期推荐红球为：01.02.05.09.14.15.16.17.21.22.24.25.28.29.32；
　　蓝球：06.10.13.15.16。
　　通过对各家媒体预测的综合分析得出以下值得关注的号码：
　　1: 01 15 16 22 28 29 + 10      2: 01 02 15 21 29 32 + 11   
　　3: 01 14 16 21 28 29 + 10      4: 01 14 15 17 22 29 + 14   
　　5: 05 14 15 21 28 29 + 15      6: 02 09 16 21 24 32 + 12   
　　7: 09 15 16 22 24 28 + 15      8: 01 02 16 24 28 29 + 13   
　　9: 01 05 16 17 28 29 + 10     10: 02 05 14 28 29 32 + 13   
　　11: 01 02 09 22 29 32 + 15     12: 01 05 09 24 29 32 + 13   
　　13: 01 09 14 16 28 29 + 15     14: 05 14 15 16 28 29 + 10   
　　15: 01 15 16 21 22 32 + 10     16: 02 09 16 22 28 29 + 11   
　　17: 05 14 15 16 21 29 + 13     18: 02 05 16 21 28 32 + 15   
　　19: 01 02 16 21 29 32 + 11     20: 05 09 14 21 22 28 + 15   
　　21: 05 14 15 16 21 24 + 12     22: 14 15 16 17 24 28 + 10   
　　23: 02 14 16 17 21 28 + 11     24: 02 09 14 15 28 29 + 14   
　　25: 05 14 15 17 21 28 + 11     26: 01 09 16 17 24 28 + 11   
　　27: 01 09 14 21 22 32 + 14     28: 02 09 14 21 24 28 + 10   
　　29: 01 05 09 24 29 32 + 11     30: 01 15 16 17 22 28 + 10   
　　31: 02 15 16 17 21 28 + 13     32: 01 05 16 21 28 32 + 12   
　　33: 01 05 15 21 28 32 + 14     34: 02 09 14 21 22 28 + 13   
　　35: 01 09 14 22 29 32 + 10     36: 01 02 15 28 29 32 + 13   
　　37: 02 15 16 17 22 29 + 13     38: 01 09 15 17 24 32 + 15   
　　39: 01 14 15 16 24 32 + 14     40: 01 05 16 22 24 32 + 10   
　　41: 05 14 15 16 22 29 + 12     42: 01 15 16 17 22 28 + 15   
　　43: 09 14 15 21 28 29 + 11     44: 01 05 16 22 24 28 + 15   
　　45: 01 09 14 22 24 29 + 15   
新浪专家组预测：[彩民周刊专家组：一区奖号有望热出][小宋观点：关注中小数回补][大尉双色球第09084期：红三区升温 蓝荐11防07][云网彩赢通双色球：关注百点和值][双色球09084期媒体擂台：红球均衡 蓝06三家作胆][彩云双色球：关注红球小号持热][詹天佑双色球084期分布图：头码看01][英豪十字走阵：防尾4567(图) ][英豪红球专点]
点击进入双色球玩法经典选号图表  双色球投注计算器特色推荐图：红球螺旋分布 17号码轴形 红球3分区图 和值区间分布 蓝球4*4矩阵图号码走势图：历史开奖号码 出号顺序统计 红球分区走势 蓝球分区走势 红球五行走势折线统计图：历史同期数据 奇号个数折线 号码和值折线 最大号码连续 最小临号间距遗漏统计图：红球奖号遗漏 大小号码遗漏 奇偶号码遗漏 五行分布遗漏 和值数据遗漏

