詹天佑09224期福彩3D点评：胆码4 合值范围08-18
　　[华彩网]福彩3D09224期詹天佑点评分析
　　一、本人通过钟摆撞击来分析，上期开出奖号740最后的落脚点立于0数字，本期钟摆力会有所改变，撞击幅度变化相对有所减小，本期百位力的落脚点会在2 4 5三位上停留，十位力的落脚点会在0 2 7数上停留，个位力的落点会在0 3 9数上停留。
　　二、所以本期会出现的高机率号应是：0 2 3 4 5 7 9
　　三、根据前面分析我们会得出以下注数：
　　200 203 209 220 223 229 270 273 279 400 403 409 420 423 429 470 473 479 500 503 509 520 523 529 570 573 579
　　四精选码：0 4 5
　　五、本人分析这期的胆码为：4
　　六、精选号： 209 229 273 279 409 429 473 509 523 529
　　七、上述分析结合本期的观察
　　合值范围：08--18
　　合值推荐：09 12
　　[华彩网]福彩3D 09224期二码推荐
　　34 42 87 02 17 49 63 08 29 70
　　福彩3D 09224期三码推荐：
　　334 482 387 062 147 459 637 081 279 703
　　华彩网特供稿件

