彩票老谢双色球09136期定位：蓝球关注02 13 15
　　·奇偶比：主看3;3和2:4
　　·大小比：主看3:3和2:4(继续关注)
　　·大中小：大(2-3)中(2-3)小(1-2)
　　·012路：0路(2-3)1路(1-2)2路(1-2)
　　质数：关注2-3枚(可适当关注质数不出的组合)
　　和值：关注100-120继续关注(继续关注)
　　AC值：重点关注6 8(继续关注)
　　三期无连码，关注连码出现
　　历史同期
　　2003136　 18 19 21 26 27 33 16
　　2004136　 03 11 14 22 24 31 15
　　2005136　 05 14 16 18 25 27 13
　　2006136　 11 15 17 21 22 24 05
　　2007136　 01 02 18 21 25 29 14
　　2008136　 05 09 10 12 18 28 02
　　出号条件：
　　01 10 30=0-2
　　20 21 31 02 12 13 22 03=1-4
　　23 32 33 05 04 24 25 14 15 07 16 06 17 26 27=1-4
　　19 08 18 29 28 09=0-3
　　11 20 21 23 32 33 05 04 24=1-3
　　13 22 03 07 16 06=0-3
　　01 10 30 31 02 12 25 14 15=1-3
　　尾数分析：
　　·大中小：大1-2；中1-3；小：2-3
　　·0路尾本期关注2-3；1路尾：1-2；2路尾：1-3(此条件可重点关注)
　　·质数尾重点关注2-4个
　　精选定位分析：
　　第1位：04 05 06
　　第2位：05 07 09
　　第3位：11 17 19
　　第4位：13 25 26
　　第5位：24 26 27
　　第6位：30 31 32
　　蓝球分析：本期蓝球范围02 04 13 15，关注02 13 15
　　以上分析仅代表个人观点，内容仅供参考！
　　136期11个红球定位大底
　　第1位 01 02 03 04 05 06 07 08 09 10
　　第2位 05 06 07 08 09 10 11 12 13 14 15
　　第3位 10 11 12 13 14 15 16 17 18 19 20
　　第4位 14 15 16 17 18 19 20 21 22 23 24
　　第5位 21 22 23 24 25 26 27 28 29 30 31
　　第6位 27 28 29 30 31 32 33　 
　　蓝 球 02 03 04 05 06 07 08 09 10 11 12

