彩票老谢双色球10003期分析：和值范围荐101--119
　　新浪体育讯　·奇偶比：主看2：4和3：3
　　·大小比：主看4：2和2：4
　　·大中小：大(1-3)中(1-2)小(2-3)(继续关注)
　　·012路：0路(2-3)1路(1-3)2路(1-2)
　　质数：关注2-3枚(继续关注)
　　和值：关注101-119继续关注
　　AC值：重点关注 7 8(继续关注)
　　历史同期
　　2003003   01 07 10 23 28 32 16
　　2004003   03 05 06 17 26 33 08
　　2005003   09 12 15 19 22 31 16
　　2006003   02 04 05 06 16 20 12
　　2007003   05 09 11 12 22 27 15
　　2008003   06 08 11 13 17 19 12
　　2009003   02 03 06 15 25 30 02
　　出号条件：
　　01 10 30=0-2
　　20 21 31 02 12 13 22 03=1-4
　　23 32 33 05 04 24 25 14 15 07 16 06 17 26 27=1-4
　　19 08 18 29 28 09=0-3
　　11 20 21 23 32 33 05 04 24=1-3
　　13 22 03 07 16 06=0-3
　　01 10 30 31 02 12 25 14 15=1-3
　　老谢看出号条件：
　　除6余2=1-2;除5余3=1-2
　　尾数分析：
　　·大中小：大1-2；中2-3；小：2-3
　　·0路尾本期关注2-3；1路尾：1-2；2路尾：1-3(继续关注)
　　·质数尾重点关注3-4个(继续关注)
　　对123589尾的出量适当关注！
　　精选定位分析：
　　第1位：01 04 06
　　第2位：05 08 09
　　第3位：13 14 16
　　第4位：17 19 21
　　第5位：24 26 27(继续关注)
　　第6位：27 30 32
　　蓝球分析：本期蓝球范围04 07 09 12，关注04 09
　　以上分析仅代表个人观点，内容仅供参考！
　　003期11个红球定位大底
　　第1位   01 02 03 04 05 06 07 08 09 
　　第2位   03 04 05 06 07 08 09 10 11 12 13
　　第3位   07 08 09 10 11 12 13 14 15 16 17
　　第4位   16 17 18 19 20 21 22 23 24 25 26
　　第5位   20 21 22 23 24 25 26 27 28 29 30
　　第6位   23 24 25 26 27 28 29 30 31 32 33
　　蓝 球   06 07 08 09 10 11 12 13 14 15 16

