彩票老谢双色球09153期定位：蓝球关注0字头热出
　　上期大底中5+1
　　·奇偶比：主看4：2和3：3(继续关注)
　　·大小比：主看2:4和3：3
　　·大中小：大(2-3)中(1-3)小(1-2)(继续关注)
　　·012路：0路(1-2)1路(1-2)2路(1-3)
　　质数：关注1-3枚(继续关注)
　　和值：关注91-115继续关注
　　AC值：重点关注 7 8(继续关注)
　　历史同期
　　2003153   18 19 21 26 27 33 16
　　2004153   03 11 14 22 24 31 15
　　2005153   04 05 07 21 26 29 01
　　2006153   01 07 11 20 30 33 10
　　2007153   01 04 19 20 25 31 15
　　2008153   01 04 18 21 24 30 16
　　程序推荐两注定位参考
　　03 08 12 21 24 29 11
　　03 07 12 21 24 29 10
　　使用提示：定位两注在实投时做参考，并在对应每位做正负3的范围选择这样会有更好的成绩
　　出号条件：
　　01 10 30=0-2
　　20 21 31 02 12 13 22 03=1-4
　　23 32 33 05 04 24 25 14 15 07 16 06 17 26 27=1-4
　　19 08 18 29 28 09=0-3
　　11 20 21 23 32 33 05 04 24=1-3
　　13 22 03 07 16 06=0-3
　　01 10 30 31 02 12 25 14 15=1-3
　　尾数分析：
　　·大中小：大1-2；中2-3；小：2-3；
　　·0路尾本期关注1-3；1路尾：1-2；2路尾：1-2(继续关注)
　　·质数尾重点关注3-4个(继续关注)
　　对01458尾的出量适当关注！
　　精选定位分析：
　　第1位：01 02 03
　　第2位：07 09 11
　　第3位：12 14 15
　　第4位：17 18 19
　　第5位：22 26 29
　　第6位：26 28 32
　　蓝球分析：本期蓝球范围01 08 09 10，关注01 08
　　以上分析仅代表个人观点，内容仅供参考！
　　153期11个红球定位大底
　　第1位   01 02 03 04 05 06 07 08 09 
　　第2位   01 02 03 04 05 06 07 08 09 10 11
　　第3位   08 09 10 11 12 13 14 15 16 17 18
　　第4位   13 14 15 16 17 18 19 20 21 22 23
　　第5位   19 20 21 22 23 24 25 26 27 28 29
　　第6位   22 23 24 25 26 27 28 29 30 31 32
　　蓝 球   02 03 04 05 06 07 08 09 10 11 12

