彩票老谢双色球09152期定位：红球关注2字头热出
　　·奇偶比：主看4：2和3：3(继续关注)
　　·大小比：主看4：2和3：3，可适关注5：1
　　·大中小：大(1-3)中(1-3)小(1-2)(继续关注)
　　·012路：0路(0-2)1路(1-3)2路(1-3)
　　质数：关注2-3枚(继续关注)
　　和值：关注91-115继续关注
　　AC值：重点关注 7 8(继续关注)
　　历史同期
　　2003152   18 19 21 26 27 33 16
　　2004152   03 11 14 22 24 31 15
　　2005152   01 05 12 14 21 27 03
　　2006152   01 14 20 25 27 31 15
　　2007152   11 17 21 29 30 33 08
　　2008152   01 04 06 22 26 30 08
　　程序推荐两注定位参考
　　05 07 12 18 23 29 10
　　04 07 11 18 23 28 09
　　使用提示：定位两注在实投时做参考，并在对应每位做正负3的范围选择这样会有更好的成绩
　　出号条件：
　　01 10 30=0-2
　　20 21 31 02 12 13 22 03=1-4
　　23 32 33 05 04 24 25 14 15 07 16 06 17 26 27=1-4
　　19 08 18 29 28 09=0-3
　　11 20 21 23 32 33 05 04 24=1-3
　　13 22 03 07 16 06=0-3
　　01 10 30 31 02 12 25 14 15=1-3
　　老谢看出号条件：
　　13 17 22 25 26 28 33=1-3
　　除5余1=0-1;除7余3=1-2
　　尾数分析：
　　·大中小：大1-2；中2-3；小：1-3；对231的比值不看好
　　·0路尾本期关注2-3；1路尾：1-2；2路尾：1-3(继续关注)
　　·质数尾重点关注3-4个(继续关注)
　　对124578尾的出量适当关注！
　　精选定位分析：
　　第1位：04 05 06
　　第2位：09 10 12
　　第3位：12 19 20
　　第4位：21 22 23
　　第5位：22 23 24
　　第6位：24 26 31
　　蓝球分析：本期蓝球范围03 05 11 15 16，关注03 15 16
　　以上分析仅代表个人观点，内容仅供参考！
　　152期11个红球定位大底
　　第1位   01 02 03 04 05 06 07 08 09 
　　第2位   02 03 04 05 06 07 08 09 10 11 12
　　第3位   06 07 08 09 10 11 12 13 14 15 16
　　第4位   13 14 15 16 17 18 19 20 21 22 23
　　第5位   18 19 20 21 22 23 24 25 26 27 28
　　第6位   23 24 25 26 27 28 29 30 31 32 33
　　蓝 球   04 05 06 07 08 09 10 11 12 13 14

