双色球10008期老谢定位：蓝球重点0路 和值90-105
　　·奇偶比：主看4：2和2：4(继续关注)
　　·大小比：主看3：3和4：2
　　·大中小：大(2-3)中(2-3)小(1-2)(继续关注)
　　·012路：0路(2-3)1路(1-2)2路(1-2)
　　质数：关注2-3枚(继续关注)
　　和值：关注90-105继续关注
　　AC值：重点关注 7 8(继续关注)
　　历史同期
　　2003008   05 08 09 14 17 2308
　　2004008   01 07 10 22 32 3313
　　2005008   11 19 22 27 32 3311
　　2006008   03 05 09 18 28 3216
　　2007008   01 04 05 18 19 2510
　　2008008   02 15 16 23 26 2707
　　2009008   04 15 16 22 32 3302
　　固定出号条件：
　　01 10 30=0-2
　　20 21 31 02 12 13 22 03=1-4
　　23 32 33 05 04 24 25 14 15 07 16 06 17 26 27=1-4
　　19 08 18 29 28 09=0-3
　　11 20 21 23 32 33 05 04 24=1-3
　　13 22 03 07 16 06=0-3
　　01 10 30 31 02 12 25 14 15=1-3
　　程序推荐两注定位参考
　　04 06 08 17 22 26+10
　　04 06 07 17 21 25+13
　　使用提示：定位两注在实投时做参考，并在对应每位做正负3的范围选择这样会有更好的成绩
　　老谢看出号条件：
　　14 22 26 27 28 31
　　01 12 13 16 23 28
　　03 05 06 08 17 18
　　03 05 07 13 14 18
　　14 22 27 28 30 33
　　以上为近5期奖号，关注其开出3-4个红球
　　除4余2=1-2；除5余1=1-2；除6余4=1；27-33=1-2
　　尾数分析：
　　·大中小：大1-2；中2-3；小：1-3
　　·0路尾本期关注2-3；1路尾：1-2；2路尾：1-2(继续关注)
　　·质数尾重点关注2-4个(继续关注)
　　对0134578尾的出量适当关注！
　　精选定位分析：
　　第1位：05 08 12
　　第2位：11 13 14
　　第3位：15 16 18
　　第4位：18 2021
　　第5位：21 23 25
　　第6位：26 28 31(继续关注)
　　蓝球分析：本期蓝球范围03 06 09 12 15，关注09 12 15
　　以上分析仅代表个人观点，内容仅供参考！
　　008期11个红球定位大底
　　第1位   01 02 03 04 05 06 07 0809 
　　第2位   01 02 03 04 05 06 07 0809 10 11
　　第3位   02 03 04 05 06 07 08 0910 11 12
　　第4位   12 13 14 15 16 17 18 1920 21 22
　　第5位   16 17 18 19 20 21 22 2324 25 26
　　第6位   20 21 22 23 24 25 26 2728 29 30
　　蓝 球   06 07 08 09 10 11 12 1314 15 16

