彩票老谢双色球10006期分析：关注蓝球11 16开出
　　·奇偶比：主看2：4和3：3(继续关注)
　　·大小比：主看3：3
　　·大中小：大(1-2)中(2-3)小(2)(继续关注)
　　·012路：0路(2-3)1路(1-2)2路(2-3)
　　质数：关注2-3枚(继续关注)
　　和值：关注85-105继续关注
　　AC值：重点关注 7 9(继续关注)
　　历史同期
　　2003006   01 03 10 21 26 27 06
　　2004006   04 12 18 20 23 32 06
　　2005006   02 04 05 15 21 31 16
　　2006006   08 21 22 23 26 32 14
　　2007006   06 10 14 22 26 27 11
　　2008006   01 14 16 18 22 27 14
　　2009006   06 12 18 20 26 33 02
　　固定出号条件：
　　01 10 30=0-2
　　20 21 31 02 12 13 22 03=1-4
　　23 32 33 05 04 24 25 14 15 07 16 06 17 26 27=1-4
　　19 08 18 29 28 09=0-3
　　11 20 21 23 32 33 05 04 24=1-3
　　13 22 03 07 16 06=0-3
　　01 10 30 31 02 12 25 14 15=1-3
　　程序推荐两注定位参考
　　06 12 14 20 25 28 10
　　05 12 14 20 25 28 10
　　使用提示：定位两注在实投时做参考，并在对应每位做正负3的范围选择这样会有更好的成绩
　　老谢看出号条件：
　　14 22 26 27 28 31；01 12 13 16 23 28；03 05 06 08 17 18
　　以上为前三期奖号，本期关注其出量在3-4个
　　除4余0=1-3；除5余0=1-2；除5余3=0-2；01-06=1-2；
　　尾数分析：
　　·大中小：大1-2；中2-3；小：2-3(继续关注)
　　·0路尾本期关注2-3；1路尾：1-2；2路尾：2-3(继续关注)
　　·质数尾重点关注3-4个(继续关注)
　　对134579尾的出量适当关注！
　　精选定位分析：
　　第1位：01 02 04
　　第2位：05 06 08
　　第3位：10 12 14
　　第4位：13 17 18
　　第5位：22 23 26
　　第6位：24 26 30(继续关注)
　　蓝球分析：本期蓝球范围10 11 12 13 16，关注11 16
　　以上分析仅代表个人观点，内容仅供参考！
　　006期11个红球定位大底
　　第1位   01 02 03 04 05 06 07 08 09 10
　　第2位   07 08 09 10 11 12 13 14 15 16 17
　　第3位   09 10 11 12 13 14 15 16 17 18 19
　　第4位   15 16 17 18 19 20 21 22 23 24 25
　　第5位   20 21 22 23 24 25 26 27 28 29 30
　　第6位   23 24 25 26 27 28 29 30 31 32 33
　　蓝 球   05 06 07 08 09 10 11 12 13 14 15
新浪专家组预测：[彩民周刊专家组双色球:奖号05有望出重号][小宋观点:1路尾轮空][大尉双色球10006期推荐：三区号码回补 和值回升][轻清扬双色球:3码红胆11 26 14][双色球媒体擂台：红球3区迅速回补 关注大遗漏蓝08][老谢双色球:蓝球重点看11 16][詹天佑双色球10006期分布图:三区回补][英豪十字走阵：尾数防2345(图)][红球专点]点击进入双色球玩法经典选号图表  双色球投注计算器特色推荐图：红球螺旋分布 17号码轴形 红球3分区图 和值区间分布 蓝球4*4矩阵图号码走势图：历史开奖号码 出号顺序统计 红球分区走势 蓝球分区走势 红球五行走势折线统计图：历史同期数据 奇号个数折线 号码和值折线 最大号码连续 最小临号间距遗漏统计图：红球奖号遗漏 大小号码遗漏 奇偶号码遗漏 五行分布遗漏 和值数据遗漏

