双色球10016期老谢定位：蓝球看除4余1 AC值9 7
　　上期分析中5红！上期精选定位28收尾正确！
　　·奇偶比：主看2：4防4：2
　　·大小比：主看3：3和4：2(继续关注)
　　·大中小：大(1-2)中(2-3)小(1-2)(继续关注)
　　·012路：0路(2-3)1路(2)2路(1-2)(继续关注)
　　质数：关注2-3枚(继续关注)
　　和值：关注90-115继续关注
　　AC值：重点关注 9 7(继续关注)
　　历史同期
　　2003016   11 17 28 30 31 33 06
　　2004016   04 07 08 28 30 32 05
　　2005016   01 05 06 12 16 30 15
　　2006016   01 07 13 17 23 30 16
　　2007016   01 18 20 22 26 33 05
　　2008016   03 12 14 21 29 33 13
　　2009016   02 07 13 16 20 33 03
　　固定出号条件：
　　01 10 30=0-2
　　20 21 31 02 12 13 22 03=1-4
　　23 32 33 05 04 24 25 14 15 07 16 06 17 26 27=1-4
　　19 08 18 29 28 09=0-3
　　11 20 21 23 32 33 05 04 24=1-3
　　13 22 03 07 16 06=0-3
　　01 10 30 31 02 12 25 14 15=1-3
　　程序推荐两注定位参考
　　02 05 11 17 23 28+ 09
　　02 05 10 17 23 28+ 13
　　使用提示：定位两注在实投时做参考，并在对应每位做正负3的范围选择这样会有更好的成绩
　　老谢看出号条件：
　　除4余0=1-3；除5余1=1-2；除6余4=1-2；
　　08-13=1-2
　　01 02 03 16 18 23；01 03 07 14 26 28；01 04 16 21 23 28近三期红球关注2-3个红球
　　尾数分析：
　　·大中小：大1-2；中2；小：2-3(继续关注)
　　·0路尾本期关注2-3；1路尾：2-3；2路尾：1-2(继续关注)
　　·质数尾重点关注3-4个(继续关注)
　　对03466尾的出量适当关注！
　　精选定位分析：
　　第1位：02 03 05(继续关注)
　　第2位：07 08 09(继续关注)
　　第3位：12 13 14
　　第4位：18 20 22(继续关注)
　　第5位：21 22 26
　　第6位：26 27 29
　　蓝球分析：本期蓝球范围05 13 16
　　以上分析仅代表个人观点，内容仅供参考！
　　016期11个红球定位大底
　　第1位   01 02 03 04 05 06 07   
　　第2位   01 02 03 04 05 06 07 08 09 10
　　第3位   05 06 07 08 09 10 11 12 13 14 15
　　第4位   12 13 14 15 16 17 18 19 20 21 22
　　第5位   18 19 20 21 22 23 24 25 26 27 28
　　第6位   23 24 25 26 27 28 29 30 31 32 33
　　蓝 球   02 03 04 05 06 07 08 09 10 11 12

