双色球10017期老谢定位质数出2-3枚 AC值关注7-8
　　·奇偶比：主看3：3防4：2
　　·大小比：主看4：2和3：3(继续关注)
　　·大中小：大(1-2)中(1；2)小(1-2)(继续关注)
　　·012路：0路(2-3)1路(1-2)2路(1-2)(继续关注)
　　质数：关注2-3枚(继续关注)
　　和值：关注90-115继续关注
　　AC值：重点关注 7 8(继续关注)
　　历史同期
　　2003017   05 08 18 23 25 31 06
　　2004017   05 12 14 15 25 31 09
　　2005017   02 06 10 25 27 31 03
　　2006017   03 04 08 31 32 33 02
　　2007017   05 09 10 24 25 32 14
　　2008017   02 05 07 17 20 22 02
　　2009017   06 14 15 19 25 26 08
　　固定出号条件：
　　01 10 30=0-2
　　20 21 31 02 12 13 22 03=1-4
　　23 32 33 05 04 24 25 14 15 07 16 06 17 26 27=1-4
　　19 08 18 29 28 09=0-3
　　11 20 21 23 32 33 05 04 24=1-3
　　13 22 03 07 16 06=0-3
　　01 10 30 31 02 12 25 14 15=1-3
　　程序推荐两注定位参考
　　04 06 09 16 23 28 +10
　　03 05 09 16 23 27 +10
　　使用提示：定位两注在实投时做参考，并在对应每位做正负3的范围选择这样会有更好的成绩
　　老谢看出号条件：
　　除4余0=1-3；除5余1=1-2；除6余4=1-2；
　　08-13=1-2
　　01 02 03 16 18 23；01 03 07 14 26 28；01 04 16 21 23 28近三期红球关注2-3个红球
　　尾数分析：
　　·大中小：大2-3；中2-3；小：2(继续关注)
　　·0路尾本期关注2-3；1路尾：1-2；2路尾：1-2(继续关注)
　　·质数尾重点关注3-4个(继续关注)
　　对03466尾的出量适当关注！
　　精选定位分析：
　　第1位：01 04 05(继续关注)
　　第2位：05 06 11(继续关注)
　　第3位：15 17 18
　　第4位：16 17 19(继续关注)
　　第5位：20 21 26
　　第6位：25 30 31
　　蓝球分析：本期蓝球不看好除3余1出蓝，看好质数出蓝，关注05 13 14
　　以上分析仅代表个人观点，内容仅供参考！
　　017期11个红球定位大底
　　第1位   01 02 03 04 05 06    
　　第2位   01 02 03 04 05 06 07 08 09 10
　　第3位   04 05 06 07 08 09 10 11 12 13 14
　　第4位   10 11 12 13 14 15 16 17 18 19 20
　　第5位   19 20 21 22 23 24 25 26 27 28 29
　　第6位   24 25 26 27 28 29 30 31 32 33
　　蓝 球   04 05 06 07 08 09 10 11 12 13 14

