双色球第10037期老谢定位蓝球重点06 14 关注0路
　　上期大底中5+1,推荐两注中2+1,精选定位中3红！ 关注老谢的博客
　　·奇偶比：主看5:1防2:4(继续关注)
　　·大小比：主看4:2防3：3(继续关注)
　　·大中小：大(1-2)中(2-3)小(1-2)(继续关注)
　　·012路：0路(1-2)1路(1-2)2路(1-2)(继续关注)
　　质数：关注2-3枚(继续关注)
　　和值：关注101-119继续关注
　　AC值：重点关注 7,防8(继续关注)
　　历史同期
　　2003037   09 14 17 18 26 3207
　　2004037   03 04 11 17 20 2605
　　2005037   07 12 14 22 24 3216
　　2006037   02 12 23 24 25 3214
　　2007037   10 11 16 23 31 3316
　　2008037   01 12 22 24 28 3106
　　2009037   02 06 15 18 20 3103
　　固定出号条件：
　　01 10 30=0-2
　　20 21 31 02 12 13 22 03=1-4
　　23 32 33 05 04 24 25 14 15 07 16 06 17 26 27=1-4
　　19 08 18 29 28 09=0-3
　　11 20 21 23 32 33 05 04 24=1-3
　　13 22 03 07 16 06=0-3
　　01 10 30 31 02 12 25 14 15=1-3
　　程序推荐两注定位参考
　　07 12 14 22 25 29 09
　　07 12 14 21 25 29 09
　　使用提示：定位两注在实投时做参考，并在对应每位做正负3的范围选择这样会有更好的成绩
　　尾数分析：
　　出号关注：
　　除6余4=0-1；除6余3=0-1；关注25-30=1-2；07-12=0-1
　　本期组合关注空2行的组合
　　·大中小：大1-2；中2-3；小：1-2(继续关注)
　　·0路尾本期关注2-3；1路尾：1-2；2路尾：1-2(继续关注)
　　·质数尾重点关注3-4个(继续关注)
　　精选定位分析：
　　第1位：01 04 05
　　第2位：09 11 13
　　第3位：15 16 18
　　第4位：19 21 25
　　第5位：25 27 28
　　第6位：28 30 33
　　蓝球分析：本期蓝球关注06 09 11 14 15，重点06 14
　　以上分析仅代表个人观点，内容仅供参考！
　　037期11个红球定位大底
　　第1位   02 03 04 05 06 07 08 09 1011 12
　　第2位   07 08 09 10 11 12 13 14 1516 17
　　第3位   09 10 11 12 13 14 15 16 1718 19
　　第4位   16 17 18 19 20 21 22 23 2425 26
　　第5位   20 21 22 23 24 25 26 27 2829 30
　　第6位   24 25 26 27 28 29 30 31 3233
　　蓝 球   04 05 06 07 08 09 10 11 1213 14

