林美眉双色球10101期分析：1字头码偏冷关注隔码
　　红球范围(方案一)：03 05 08 09 11 12 13 14 15 16 17 18 20 21 22 24 25 30 31 33
　　(方案二)：01 02 04 05 06 07 08 09 10 12 15 20 21 22 23 25 29 30 31 33
　　红球13码：01 05 06 08 12 15 20 21 22 25 30 31 33
　　精 选6+3:01 06 12 20 25 31+04 10 13
　　蓝球范围：02 04 05 09 10 11 12 13 15  (正确)
　　五码擒蓝：02 04 10 11 13
　　三码定蓝：04 10 13
　　本期方案(一、二)描述：(4-6红)
　　本期绝杀红号：26 32 27 19 28 (0红)
　　本期次杀红号：03 23 24 16 09 07 18 04 29 (0红)
　　本期补杀号码：02 11 13 14 10 17(0-1红)
　　本期走势：1字头码偏冷
　　本期重码：关注22
　　本期冷码：关注02 14
　　本期热码：关注10
　　本期关注：隔码
　　本期红球“林”胆：06 08 10 12 22 25
　　彩票有风险，中奖靠运气！关注林美眉的博客

