彩云追福双色球10125期：关注中大号冷码回补
　　[点击进入电话投注平台][免费注册赢大奖注册][寻找高手合买]
　　友情提示：条件组如果出现0-1，则说明本期不太看好这组号中有球出现，五个条件组不出号的情况每期都会有变化，谨慎参考。各组条件仅供双色球爱好者参考研究。本条件独家供给新浪彩票频道，如有转载请注明出处。
　　10124期开出奖号：02 06 08 11 12 25 + 02
　　10124期条件与结果对照：
    9 10 21 22 33 条件1-2 重点09 21 22 条件错，未出
　　3 4 15 16 27 28 条件1-2 重点16 27 28 条件错，未出
　　1 12 13 24 25条件0-1 重点12 13 条件错，出12 25
　　6 7 18 19 30 31 条件1-2 重点07 18 31 条件对，出06
　　2 5 8 11 14 17 20 23 26 29 32 条件0-2 重点08 14 17 26 29 条件错，出02 08 11
　　本期蓝球条件看温热码蓝，蓝球大范围：02 03 04 05 08 09 10 15 16重点09 10 15，防04 条件错，出冷码02
    当期号码点评：红球三区比开出4:1:1，红球如预期小号码呈多出趋势，六码全热无遗漏冷码开出。从分区走势看下期可关注中大码区冷号回补。本期同尾继续热出2尾，下期关注无同尾现象。连码持续断出后开出11 12，下期关注有连号。红球奇偶比持续出2-4，下期可关注3-3。冷热号码本期偏态，开出0个冷码。下期的冷码球共有 03 04 07 14 17 19 20 21 22 23 24 26 28 31 33共15个，冷球关注开出2-3个。(再次提示，我们可以把红球五期以上未开出的号定为冷码，从历史数据看，绝大多数情况下，每期开出的冷码不会超过3个。)本点评独家供给新浪彩票频道，如有转载请注明出处。
　　蓝球点评：蓝球近期温热码少出，后期关注其回补弹出。
　　10125期条件组初步分析：
　　9 10 21 22 33 条件1-2 重点10 21 22
　　3 4 15 16 27 28 条件1-2 重点04 27 28
　　1 12 13 24 25条件0-1 重点01
　　6 7 18 19 30 31 条件1-2 重点07 30 31
　　2 5 8 11 14 17 20 23 26 29 32 条件0-2 重点08 14 20 23 29
　　本期蓝球条件看温热码蓝，蓝球大范围：04 05 07 12 13 14 02 15重点04 13 14，防02
　　其他出号条件走势：
　　余012路比：上期2-1-3，本期看2-3-1；质合比：上期2-4，本期仍看2-4；三区比：上期4-1-1，本期看2-1-3。

