彩云追福双色球11037期条件：红球关注一区反弹
　　[点击进入电话投注平台][免费注册 赢大奖][寻找高手合买]
　　友情提示：条件组如果出现0-1，则说明本期不太看好这组号中有球出现，五个条件组不出号的情况每期都会有变化，谨慎参考。各组条件仅供双色球爱好者参考研究。本条件独家供给新浪彩票频道，如有转载请注明出处。
　　11036期开出奖号：02 11 20 22 24 31+ 05
　　11036期条件对照：
　　9 10 21 22 33 条件1-2 重点10 21 33 条件对，出22
　　3 4 15 16 27 28 条件1-2 重点03 15 27 条件错，未出
　　1 12 13 24 25条件0-1 重点12 25 条件对，出24
　　6 7 18 19 30 31 条件0-2 重点06 07 18 条件对，出31
　　2 5 8 11 14 17 20 23 26 29 32 条件1-3 重点02 08 17 23 29 32 条件对，出02 11 20
　　本期蓝球条件看温热码蓝，蓝球大范围：02 04 05 08 10 12 15重点02 05 08 条件错，出小冷05
　　条件组关键图表参考：[双色球基本走势][五行定位及走势][蓝球跨度走势]
　　 当期号码点评：红球三区比开出2:2:2，虽然数据显示均衡，其特点却是中大号走热。下期仍可关注一区小冷号反弹，二三区无明显偏态现象。本期同尾出1，下期可关注仍有同尾；连码多达11期连续开出后终于断出，下期关注可有连号。红球奇偶比开出2-4，下期关注1-5。冷热号码本期正常：开出2个冷码11 22。下期的冷码球共有01 04 06 09 10 16 21 23 26 28 30 32 33共13个，冷球关注开出1-3个。(再次提示，我们可以把红球五期以上未开出的号定为冷码，从历史数据看，绝大多数情况下，每期开出的冷码不会超过3个。)
　　蓝球点评：蓝球开出小冷码05，下期追踪温热码开出。
　　11037期条件组初步分析：
　　9 10 21 22 33 条件1-2 重点09 10 33
　　3 4 15 16 27 28 条件1-2 重点03 04 28
　　1 12 13 24 25条件0-2 重点12 13 25
　　6 7 18 19 30 31 条件0-1 重点06 19
　　2 5 8 11 14 17 20 23 26 29 32 条件1-2 重点08 17 26 29 32
　　本期蓝球条件看温热码蓝，蓝球大范围：02 05 07 08 10 12 14 15重点仍看02 05 08
　　其他出号条件走势：
　　余012路比：上期1-2-3，本期看3-2-1；质合比：上期3-3，本期看2-4；三区比：上期2-2-2，本期看2-1-3。

