盘点美国大学最有“钱途”20个专业
　　不论是哪个国家的大学教育都离不开专业上的分野，而在现代社会中不同专业的大学毕业生不仅在未来职业上所走的道路不同，其毕业的起薪和职业生涯的收入状况也会有很大差异。根据美国薪水衡量网站所做的“2010年美国大学毕业生薪水报告”，工程专业在所有大学专业中(不包括医学和法学专业)依然是“钱途”中的佼佼者。
　　在以下这些大学专业中，石油工程、航空和航天工程、化学工程、电机工程、核工程、应用数学和生物医学工程，本科毕业生的起薪都不低，而且在大学毕业生职业生涯中期的中位年薪均在10万美元以上。以下是美国大学最有“前途”的20个专业毕业生收入状况。这些数据来自对美国 999所大学毕业生的综合调查和统计，毕业生起薪为2009年的数据。美国侨报副总编辑 乔磊 制表/吴千千RB196
　　专业/本科毕业生中位年薪(美元)/职业生涯中期中位年薪(美元)
　　石油工程 93,000 157,000
　　化学工程 64,800 108,000
　　航空和航天工程 59,400 108,000
　　核工程 63,900 104,000
　　电机工程 60,800 104,000
　　应用数学 56,400 101,000
　　生物医学工程 54,800 101,000
　　物理学 50,700 99,600
　　计算机工程 61,200 99,500
　　经济学 48,800 97,800
　　计算机科学 56,200 97,700
　　工业工程 58,200 97,600
　　机械工程 58,300 97,400
　　材料科学及工程 59,400 93,600
　　土木工程 53,500 93,400
　　统计学 50,000 92,900
　　金融 47,500 91,500
　　软件工程 56,700 91,300
　　管理信息系统 50,900 90,300
　　数学 46,400 88,300

