澳认可留学签英语测试与雅思成绩对应标准
　　中新网10月澳大利亚移民(微博)部发表声明，提醒申请留学(微博)签证的学生，从11月5日起，移民部将开始接受托福(TOEFL)、佩尔森PTE和剑桥高级英语测试等除雅思以外的英语测试成绩。
　　然而澳洲移民部重申，雅思仍然是移民部接受的主要测试，以上三种只不过是替代测试。实施这样的政策，只不过是给予希望申请留学签证的申请人更多选择机会和更广选择范围。
　　移民部称，申请人需要提供以上英语测试的成绩证明，然后移民部会向考试机构核实分数。请申请人参看各种考试的网站，然后判断是否需要额外提供核实密码，如果已经拿到这一密码，则需要交给移民部。
　　同时，其它英语测试的成绩将适用于2011年11月5日申请还没有审批的人士，以及11月5日当日和以后递交申请的人士。但是，不管是什么英语测试，有效期只有两年时间，而且这一政策目前只适用于学生签证申请者。
　　英语测试分数对比标准：
　　雅思成绩4.0 4.5 5.0 5.5 6.0 6.5 7.0 7.5 8.0 8.5 9.0
　　托福成绩31 32 35 46 60 79 94 102 110 115 118
　　佩尔森PTE29 30 36 42 50 58 65 73 79 83 86
　　剑桥高级英语测试32 36 41 47 52 58 67 74 80 87 93

