09年重庆提前批录取部分尖子被港校“掐尖”
　　提前批次的录取完成。来自录取场的消息称，往年难录满额的国防生，今年填报出现“井喷”，收分普遍较高。而在提前批次的录取中，两所香港高校更是收获颇丰，香港中文大学理科最高分达到678分，超过北大在该批次录取的最高分677分。
　　部分尖子被港校“掐尖”
　　安排在提前批次录取的香港中文大学和香港城市大学，“掐”走了我市部分优秀学生。其中，香港中文大学今年按照裸分录取，理科录取的最高分达到678分，最低分也是665分；而北大在本批次录取的最高分为677分(含加分)。
　　记者在我市公布的“一分段表”上看到，678分在全市排名93位，而这个排名含了加分，如果是裸分排名，678分在全市排名将更靠前。
　　香港中文大学的文科更是掐走了不少的尖子生。该校在重庆录取的文科最高分是653分(裸分)，而在“一分段表”上，653分排名在全市13位，如果按裸分排位，653分应该在全市前10位。因生源好，香港中文大学在文科录取时增投1名计划，录取了4名学生。
　　另一所香港城市大学录取为理科最高665分，最低645分；文科最高分620分，最低也是610分。
　　军事武警院校调档线走高
　　在提前批次录取的公安武警和军事院校，尽管对身体条件有苛刻要求，但录取的分数依然比较高。
　　军事院校中，人们熟悉的第三军医大学、解放军后勤工程学院、国防科学技术大学，最高分都达到650分以上(理科)。而第三军医大学最低分也达到615分；其收的女生，理科最高分竟达到677分。
　　国防生比往年火爆
　　往年招生计划难以满额的国防生，今年生源非常好。
　　录取信息显示，集美大学、西南大学、四川大学、西南财经大学今年国防生不仅都招满，分数也相对比较高。四川大学招10名国防生，录取10名，最高607分，最低也达到567分。西南财经大学计划招7名国防生，实际录7人，最高609分，最低也达到586分。
　　有关人士分析说，国防生出来后到部队工作，其“无就业后顾之忧”成为吸引考生的主要原因。
　　师范增投计划多
　　在提前批次的录取中，几所教育部部属师范也是招生大户。录取信息显示，在提前批次录取中，几家师范院校见生源好，都增投了在重庆的招生计划。比如，北京师范大学理科原计划在重庆只招58人，实际录取65人，最高达到666分，最低649分。此外，华北师大、华东师大、陕西师大等，理科都增投了2名以上的计划。 
　　免费师范生录取的最低分数线今年都超重点线15分左右，报考学生比往年多。
　　记者 何英
　　2009年重庆市普通高校招生提前批本科理工类录取情况
　　时间：2009年07月11日
　　院校  原始计划 实际录取 最高分 最低分
　　1101 北京大学  3 3 677 674
　　1107 北京理工大学 男 4 4 617 567
　　1115 北京电子科技学院 男 15 7 606 560
　　1115 北京电子科技学院 女  8 611 560
　　1119 北京师范大学  58 65 666 649
　　1125 中国传媒大学  2 2 647 638
　　1129 外交学院 男 5 2 660 658
　　1129 外交学院 女  3 665 661
　　1131 国际关系学院 男 10 7 635 628
　　1131 国际关系学院 女  3 656 637
　　1150 中国青年政治学院  8 8 647 637
　　1172 防化指挥工程学院 男 11 11 565 547
　　1197 古巴高等学校(留学基金委项目)  38 38 642 545
　　1219 军事交通学院 男 21 21 600 557
　　1313 中央司法警官学院 男 29 25 570 506
　　1313 中央司法警官学院 女  4 565 542
　　1368 军械工程学院 男 34 34 596 567
　　1368 军械工程学院 女 1 1 599 599
　　2111 大连海事大学  27 27 615 579
　　2119 沈阳药科大学  1 1 591 591
　　2122 中国刑事警察学院 男 17 16 566 522
　　2122 中国刑事警察学院 女  1 555 555
　　2127 海军大连舰艇学院 男 14 14 590 551
　　2128 武警沈阳指挥学院 男 6 6 578 554
　　2208 东北师范大学  66 67 613 569
　　2315 哈尔滨理工大学 男 6 6 568 552
　　3106 上海海事大学  44 44 581 543
　　3110 华东师范大学  35 39 650 629
　　3115 华东政法大学 男 4 2 594 565
　　3115 华东政法大学 女  2 586 577
　　3121 上海海关学院 男 2 2 623 622
　　3201 南京大学 男 5 5 644 612
　　3230 解放军理工大学 男 30 30 619 589
　　3263 南京政治学院 男 5 5 555 549
　　3277 解放军国际关系学院 男 9 9 584 531
　　3404 安徽理工大学 男 2 2 557 542
　　3445 解放军电子工程学院 男 11 11 597 562
　　3502 华侨大学  67 67 633 586
　　3510 集美大学  24 24 562 527
　　3512 武警福州指挥学院 男 1 1 528 528
　　3554 集美大学(国防生) 男 2 2 547 540
　　3714 山东交通学院  6 6 567 533
　　4118 解放军信息工程大学 男 44 44 629 587
　　4118 解放军信息工程大学 女 1 1 643 643
　　4207 华中农业大学  10 10 606 590
　　4208 华中师范大学  73 75 636 597
　　4225 武汉理工大学  10 13 621 559
　　4238 武警武汉指挥学院 男 6 6 555 525
　　4319 国防科学技术大学 男 63 63 668 610
　　4319 国防科学技术大学 女 1 1 659 659
　　4402 暨南大学  52 52 641 616
　　4405 广东海洋大学  6 6 580 538
　　5001 重庆大学 男 40 40 620 569
　　5014 第三军医大学 男 24 24 656 615
　　5014 第三军医大学 女 10 10 677 617
　　5018 后勤工程学院 男 25 25 652 588
　　5052 西南大学(国防生) 男 3 3 585 566
　　5052 西南大学(国防生) 女 1 1 598 598
　　5102 西南交通大学 男 10 10 589 565
　　5104 电子科技大学  14 15 656 641
　　5108 成都信息工程学院 男 6 6 563 556
　　5110 西华大学 男 9 9 585 549
　　5110 西华大学 女 1 1 593 593
　　5114 成都中医药大学  5 5 606 587
　　5122 西南财经大学  8 8 646 636
　　5127 四川大学  38 38 651 626
　　5128 武警成都指挥学院 男 12 12 598 567
　　5176 四川大学(国防生) 男 10 10 607 567
　　5186 西南财经大学(国防生) 男 7 7 609 586
　　5302 昆明理工大学 男 3 3 555 551
　　5317 武警昆明指挥学院 男 6 6 574 548
　　6101 西安交通大学  20 20 663 649
　　6107 西安科技大学 男 3 3 552 548
　　6111 陕西师范大学   44 46   596 568
　　6123 西北农林科技大学  6 6 615 603
　　6127 空军工程大学 男 43 43 640 558
　　6128 第二炮兵工程学院 男 23 23 613 562
　　6182 武警西安指挥学院 男 4 4 544 529
　　8101 香港中文大学  5 5 678 665
　　8102 香港城市大学  4 4 665 645
　　9906 海军工程大学 男 19 19 619 561
　　9906 海军工程大学 女 1 1 594 594
　　9917 军事经济学院 男 11 11 599 575
　　9922 空军雷达学院 男 11 11 576 555
　　9922 空军雷达学院 女 1 1 643 643
　　2009年重庆市普通高校招生提前批本科文史类录取情况
　　时间：2009年07月11日
　　院校  原始计划 实际录取 最高分 最低分
　　1115 北京电子科技学院 男 3 1 562 562
　　1115 北京电子科技学院 女  2 555 552
　　1119 北京师范大学  32 37 629 615
　　1122 北京外国语大学 男 6 2 626 618
　　1122 北京外国语大学 女  5 621 616
　　1125 中国传媒大学  2 2 607 605
　　1129 外交学院 男 5 4 634 626
　　1129 外交学院 女  1 634 624
　　1131 国际关系学院 男 20 14 619 560
　　1131 国际关系学院 女  6 608 588
　　1140 中央民族大学  2 2 582 579
　　1150 中国青年政治学院  30 30 612 589
　　1197 古巴高等学校(留学基金委项目)  21 21 600 543
　　2122 中国刑事警察学院 男 6 5 531 504
　　2122 中国刑事警察学院 女  1 538 538
　　2208 东北师范大学  63 63 585 546
　　3110 华东师范大学  24 25 624 591
　　3115 华东政法大学 男 4 4 568 551
　　3121 上海海关学院 男 2 1 562 562
　　3121 上海海关学院 女  1 593 593
　　3263 南京政治学院 男 5 5 593 580
　　3502 华侨大学  33 33 590 570
　　4208 华中师范大学  45 45 605 577
　　4319 国防科学技术大学 男 1 1 616 616
　　5122 西南财经大学  8 8 611 600
　　5127 四川大学  15 15 597 586
　　5186 西南财经大学(国防生) 男 11 11 583 547
　　6111 陕西师范大学  31 33 586 556
　　8101 香港中文大学  3 4 653 619
　　8102 香港城市大学  3 3 620 610
　　9917 军事经济学院 男 3 3 606 580

