2010年湖北高考成绩一分一段表(2)
　　574 584 19290
　　573 662 19952
　　572 649 20601
　　571 668 21269
　　570 680 21949
　　569 664 22613
　　568 697 23310
　　566 738 24748
　　565 737 25485
　　564 745 26230
　　563 682 26912
　　562 748 27660
　　561 746 28406
　　560 802 29208
　　559 786 29994
　　558 837 30831
　　557 829 31660
　　556 813 32473
　　555 860 33333
　　554 864 34197
　　553 915 35112
　　552 910 36022
　　551 836 36858
　　550 907 37765
　　549 897 38662
　　548 879 39541
　　547 925 40466
　　546 875 41341
　　545 943 42284
　　544 958 43242
　　543 953 44195
　　542 943 45138
　　541 896 46034
　　540 951 46985
　　539 1005 47990
　　538 986 48976
　　537 940 49916
　　536 976 50892
　　535 929 51821
　　534 969 52790
　　533 985 53775
　　532 988 54763
　　531 907 55670
　　530 1041 56711
　　529 908 57619
　　528 995 58614
　　527 938 59552
　　526 944 60496
　　525 950 61446
　　524 1021 62467
　　523 970 63437
　　522 1038 64475
　　521 1028 65503
　　520 988 66491
　　519 1031 67522
　　518 1020 68542
　　567 700 24010
　　分数 人数 累计人数
　　517 985 69527
　　516 1014 70541
　　515 949 71490
　　514 971 72461
　　513 977 73438
　　512 958 74396
　　511 950 75346
　　510 992 76338
　　509 1027 77365
　　508 1011 78376
　　507 1013 79389
　　506 1016 80405
　　505 983 81388
　　504 906 82294
　　503 972 83266
　　502 1029 84295
　　501 925 85220
　　500 1003 86223
　　499 980 87203
　　498 979 88182
　　497 967 89149
　　496 918 90067
　　495 966 91033
　　494 974 92007
　　493 945 92952
　　492 923 93875
　　491 964 94839
　　490 948 95787
　　489 879 96666
　　488 913 97579
　　487 945 98524
　　486 904 99428
　　485 894 100322
　　484 904 101226
　　483 883 102109

