天津大学计算机学院09考研复试第一批名单
　　天津大学计算机学院第一批硕士研究生参加复试考号
　　100569008809811
　　100569000205542
　　100569000105436
　　100569000105401
　　100569000105457
　　100569000105321
　　100569000105430
　　100569001606513
　　100569000105307
　　100569000105515
　　100569000105346
　　100569000105452
　　100569012510456
　　100569000105513
　　100569000105318
　　100569000105338
　　100569004908511
　　100569000105342
　　100569001205755
　　100569013512209
　　100569001205758
　　100569000105429
　　100569005008532
　　100569000105434
　　100569000105418
　　100569000105453
　　100569006508917
　　100569000105258
　　100569000105303
　　100569000105310
　　100569000105406
　　100569006508920
　　100569002807536
　　100569013011559
　　100569000105322
　　100569000105340
　　100569000105408
　　100569000105514
　　100569012911519
　　100569000105532
　　100569005908751
　　100569013011601
　　100569000105537
　　100569012510451
　　100569002507327
　　100569013312003
　　100569000105323
　　100569000105332
　　100569000105460
    更多信息请访问：新浪考研频道 考研论坛 考研博客圈
　　特别说明：由于各方面情况的不断调整与变化，新浪网所提供的所有考试信息仅供参考，敬请考生以权威部门公布的正式信息为准。

