成都中考分数段出炉640分及以上1966人
　　(记者 汪兰)昨日记者从成都市招办获悉，目前我市中考分数段已经出炉，网上填报志愿正式进行。成都市招办表示，为了让广大考生、家长更好地了解自己的升学成绩所在的位置，现将分数段向社会公布。请考生、家长根据考生的实际情况，理性、客观地选择最适合自己的学校。
　　分数段 段内人数
　　高限 低限
　　640分及以上 1966
　　639 630 883
　　629 620 1051
　　619 610 1192
　　609 600 1221
　　599 590 1291
　　589 580 1339
　　579 570 1366
　　569 560 1268
　　559 550 1355
　　549 540 1221
　　539 530 1173
　　529 520 1104
　　519 510 1042
　　509 500 1061
　　499 490 946
　　489 480 883
　　479 470 773
　　469 460 745
　　459 450 713
　　449 440 744
　　439 430 605
　　429 420 596
　　419 410 520
　　409 400 519
　　399分及以下 5172
　　(说明：扣除直升生、只毕业不升学考生，含特征加分)
　　相关新闻
　　中等职业教育券后天开始申领
　　(记者 张峥)根据市委、市政府“惠民行动”要求，我市决定从2009年起实施中等职业教育券；对成都市19个区(市)县和高新区户籍的初中毕业生就读中等职业学校进行学费补助。昨日，记者从市教育局获悉，符合条件的中职学生和应届初中毕业生可以在7月1日-7月30日内，通过市教育局指定的方式申领中等职业教育券，申领到的教育券可以抵扣当年1200元的学费，教育券总共可以申领两次。
　　市教育局提醒，中等职业教育券采取实名制发放管理，限申领者本人使用，并于当年9月20日之前使用，过期作废。
    更多信息请访问：新浪中考频道 中考论坛 中考博客圈
　　特别说明：由于各方面情况的不断调整与变化，新浪网所提供的所有考试信息仅供参考，敬请考生以权威部门公布的正式信息为准。

