王亚伟大幅减持银行股
　　新快报讯 记者 强燕 报道  华夏基金今日公布了旗下25只基金一季度报告。总结其旗下各基金的看法，对未来华夏认为，经济高增长与高通胀并存，未来经济软着陆概率较大，股市相对复杂但稍偏乐观。
　　华夏基金认为，通胀和增长的关系是经济和股市近期内的主要矛盾。如果控通胀的货币政策和行政措施的效力逐渐显现，通胀压力有望缓解，市场的风险偏好会重新上升，在经济仍较快增长、股市估值较低的背景下，可能会出现整体性的机会，其中估值较低的周期性个股会有更好的表现。股市存在的风险在于，通胀超过预期水平，政府被迫采取更为严厉的全面紧缩政策，从而对实体经济和股市带来较大的冲击。
　　在2011年以后几个季度中，华夏基金在股票市场的策略上，看好估值修复的金融、地产股，以及供求形势较好、估值较低的周期股，并认为主题投资将继续活跃，优质的消费、中小市值成长股等从长期看具备绝对收益空间但在短期内可能缺乏相对收益。
　　值得一提的是，王亚伟管理的华夏大盘去年四季度末前十大重仓股中有四家银行位列其中，分别是：建设银行、工商银行、交通银行和光大银行，但是在今年一季报中看到，前十大重仓股中银行股仅剩交通银行一家。另外，前十大重仓股半数为新面孔：分别是山东海化、宝钢股份、洪都航空、峨眉山A和广电网络。其一季报称，主要是因为指数整体维持窄幅盘整的同时，结构上呈现出对2010年过度分化走势的纠偏行情，因此对组合品种作了小幅调整，在仍保持较高的股票仓位同时，适当降低集中度以增加操作的灵活性，同时在品种选择上也逐步降低了防御性。
　　华夏大盘一季报还称，其2季度将看好以银行为代表的低估值绩优蓝筹股。如果不出台更严厉的房地产调控措施甚至政策有所放松的话，调整充分的房地产股将有较大的上涨空间。
　　相关新闻
　　一季度基金遭遇赎回潮
　　新快报讯 记者 强燕 报道  虽然一季度市场反弹，但基金继续遭遇赎回。据不完全统计，在已经披露的一季报中，净赎回额已超过200亿元。
　　统计数据显示，大部分偏股型基金出现净赎回，其中博时、上投摩根、中邮创业、万家、中海等基金公司旗下偏股型老基金的净赎回量超过10亿份。其中，上投摩根净赎回10亿份、中邮创业净赎回13.9亿份、万家净赎回38.3亿份。
　　值得一提的是，虽然一季度指数基金的表现较好，但赎回依然较严重，像万家上证180一季度净赎回了33.9亿份，浦银安盛沪深300基金一季度的净赎回为4.08亿份，博时裕富沪深300净赎回12.07亿份。主动型基金方面，不论是跑赢大盘还是落后大盘的基金均出现净赎回，比如上投摩根中国优势一季度净赎回2亿多份，中邮核心成长净赎回8亿份，中海能源策略净赎回8.67亿份，中海优质成长净赎回11.6亿份。而出现净申购的基金业绩也未必表现出色，比如一季度银河行业优选净申购了10.93亿份，但其今年一季度净值跌幅超过4%，显然买入的投资者都是冲着去年回报第二名的光环去的。
　　而货币基金虽然一季度的收益率不错，但遭遇到的赎回也非常猛烈，其中银华货币基金净赎回72亿份，万家货币净赎回13.16亿份。
　　业内人士表示，新基金不断涌现，部分投资者弃老基金买新基金是净赎回的原因之一。至于货币基金被赎回，与央行连续紧缩的政策有一定关系，企业资金周转紧张加上银行吸储力度加大导致来自企业的购买量减少。
　　华夏大盘一季度前十大重仓股
　　序号 股票代码 股票名称 数量(股)公允价值(元)占基金资产净值比例(%)
　　1   600256   广汇股份   31,500,127  724,187,919.73   9.07
　　2   600086   东方金钰   16,206,769  393,338,283.63   4.92
　　3   600068   葛 洲 坝   32,006,912  375,441,077.76   4.70
　　4   601328   交通银行   54,999,988  312,949,931.72   3.92
　　5   000822   山东海化   32,106,015  293,770,037.25   3.68
　　6   600050   中国联通   49,999,960  284,499,772.40   3.56
　　7   600019   宝钢股份   40,003,555  282,825,133.85   3.54
　　8   600316   洪都航空   7,507,165   248,186,874.90   3.11
　　9   000888   峨眉山A  9,500,000   185,345,000.00   2.32
　　10  600831   广电网络   15,009,712  169,159,454.24   2.12
　　华夏大盘去年四季度末前十大重仓股
　　序号 股票代码 股票名称 数量(股)公允价值(元)占基金资产净值比例(%)
　　1    600256  广汇股份   18,000,000  754,740,000.00    9.81
　　2    600068  葛 洲 坝   45,007,090  522,082,244.00    6.78
　　3    601939  建设银行   91,273,041  418,943,258.19    5.44
　　4    600086  东方金钰   16,006,769  379,200,357.61    4.93
　　5    601398  工商银行   75,000,000  318,000,000.00    4.13
　　6    601328  交通银行   54,999,988  301,399,934.24    3.92
　　7    600050  中国联通   44,999,956  240,749,764.60    3.13
　　8    601818  光大银行   50,000,055  198,000,217.80    2.57
　　9    600271  航天信息   5,800,085   159,560,338.35    2.07
　　10   600239  云南城投   8,507,144   157,977,664.08    2.05

