截至8月17日当周新加坡燃料油库存增加26.6万桶
　　[世华财讯]新加坡IE公布，截至8月17日当周，新加坡燃料油库存增加26.6万桶，至1986.4万桶，同时轻质馏分油增加104.4万桶。
　　新加坡国际企业发展局（IE）8月18日公布的最新数据显示，截至8月17日当周，新加坡燃料油库存增加26.6万桶至1986.4万桶。
　　以下为新加坡国际企业发展局（IE）公布的周度燃料油库存数据：(单位：千桶)
　　---------------------------------------------------------
　　          轻质馏分油      中质馏分油       残渣燃料油  
　　8月17日   9,973(+1,044)   14,227(-607)     19,864(+266) 
　　8月10日   8,929(-653)     14,834(+1,458)   19,598(-49)
　　8月3日    9,582(-962)     13,376(-1,152)   19,647(-237) 
　　7月27日   10,544(+1,116)  14,528(-1,086)   19,884(+195)
　　7月20日   9,428(-317)     15,614(-243)     19,689(+2,176)
　　7月13日   9,745(+222)     15,857(-215)     17,513(-1,671)  
　　7月6日    9,523(-321)     16,072(+2,301)   19,184(-1,450) 
　　--------------------------------------------------------- 
　　数据来源:新加坡IE
　　(田莉 编辑)

