2010赛季英格兰足球超级联赛 七场比赛赛果及积分榜
　　新华网北京3月14日电 2009／2010赛季英格兰足球超级联赛于当地时间13日进行了7场比赛，比赛结果和赛后积分榜如下：
　　一、比赛结果(主队列前)
　　3月13日(星期六)
　　伯明翰队平埃弗顿队，2：2；
　　博尔顿队胜威根队，4：0；
　　伯恩利队负于狼队，1：2；
　　切尔西队胜西汉姆联队，4：1；
　　赫尔城队负于阿森纳队，1：2；
　　斯托克城队平阿斯顿维拉队，0：0；
　　托特纳姆热刺队胜布莱克本队，3：1。
　　二、积分榜
　　排名 球队轮次胜平负 进球 失球 积分
　　1 切尔西29 2045 69 27 64
　　2 阿森纳30 2046 71 33 64
　　3 曼联29 2036 67 24 63
　　4 托特纳姆热刺 29 1577 53 28 52
　　5 曼城27 13 104 52 35 49
　　6 利物浦29 1469 45 29 48
　　7 阿斯顿维拉27 12 105 37 21 46
　　8 伯明翰29 1289 30 31 44
　　9 埃弗顿29 1199 46 42 42
　　10 富勒姆28 108 10 32 29 38
　　11 斯托克城298 129 28 33 36
　　12 布莱克本2997 13 31 48 34
　　13 博尔顿3088 14 36 54 32
　　14 桑德兰2879 12 36 44 30
　　15 威根2977 15 27 57 28
　　16 西汉姆联2969 14 37 49 27
　　17 狼2976 16 23 47 27
　　18 伯恩利3066 18 31 63 24
　　19 赫尔城2959 15 27 61 24
　　20 朴次茅斯2854 19 24 47 19(完)

