定段赛女子组尘埃落定 陈一鸣张越然袁一田三人定段
　　新浪体育讯　北京时间7月24日，2009沈园杯中国围棋段位赛定段女子组结束了最后一轮(第11轮)的比赛。结果，陈一鸣、张越然、袁一田分获冠亚季军，定段成功。
　　最后一轮比赛，陈一鸣、张越然、袁一田都把握住了自己的命运，击败了对手。最终，陈一鸣10胜1负，张越然和袁一田是9胜2负，其他的女棋手都至少输了3盘，所以陈一鸣、张越然、袁一田分获本次定段赛女子组的一、二、三名，从而定段成功。取得第四名的张子涵和第五名的王景欣则获得了申报业余6段的资格。
　　据了解，陈一鸣、张越然、袁一田三位女孩均来自奕本清源围棋俱乐部(葛玉宏围棋道场)。
　　2009沈园杯定段赛女子组最终成绩：
　　名次    姓  名    大分    小 分    总得分
　　1    陈一鸣      20    152    24.2
　　2    张越然      18    152    22.2
　　3    袁一田      18    142    21.2
　　4    张子涵      16    154    20.4
　　5    王景欣      16    148    19.8
　　6    於之莹      16    146    19.6
　　7    赵  琪     16    140    19
　　8    许俭颖      14    154    18.4
　　9    孙冠群      16    132    18.2
　　10   闫  沁     16    130    18
　　10   李源鲲      14    150    18
　　12   姚佳慧      14    146    17.6
　　13   潘  阳     12    162    17.2
　　13   王  爽     14    142    17.2
　　15   杜岸树      14    136    16.6
　　15   高  星     14    136    16.6
　　17   陈  思     14    132    16.2
　　17   张佩佩      14    132    16.2
　　19   罗嘉琪      14    128    15.8
　　20   汪雨博      14    126    15.6
　　21   金  珊     12    142    15.2
　　22   郑  璐     14    120    15
　　23   刘凤仪      14    114    14.4
　　24   战  鹰     12    132    14.2
　　25   李羿蓉      12    130    14
　　26   李启铭      12    128    13.8
　　27   邓志昊      12    126    13.6
　　28   高子齐      14    104    13.4
　　29   王诗?      12    118    12.8
　　30   吕  烁     12    116    12.6
　　31   张天歌      12    114    12.4
　　32   薛诗雨      12    112    12.2
　　32   郑鸿逸      12    112    12.2
　　32   陶  然     10    132    12.2
　　35   栾梦雪      12    106    11.6
　　35   周溪月      12    106    11.6
　　35   孙帅帅      10    126    11.6
　　35   任悦佳      12    106    11.6
　　39   潘  娜     12    104    11.4
　　40   王  川     10    114    10.4
　　41   贾罡璐      10    112    10.2
　　42   陆敏全      10    110    10
　　42   邓  婕     10    110    10
　　44   贝  贝     10    108    9.8
　　45   杜雪雯      10    106    9.6
　　46   栾诗雅      10    100    9
　　46   刘子君      10    100    9
　　48   汪小云      6     132    8.2
　　49   魏思悦      8     108    7.8
　　50   张婧婕      8     96     6.6
　　51   赵一方      6     78     2.8
　　52   王思尹      6     74     2.4
　　53   王倩钰      6     70     2
　　53   宋怡雯      6     70     2
　　55   郭净钰      6     66     1.6
　　55   李至睿      6     66     1.6
　　57   刘  骁     6     64     1.4
　　58   张  敏     6     60     1
　　58   方云帆      6     60     1
　　60   柳思佳      4     78     .8
　　61   樊梦泽      4     66    -.4
　　62   周  旋     4     64    -.6
　　62   黄嘉乐      6     44    -.6
　　64   朱旖蓉      4     62    -.8
　　65   郭馨予      4     58    -1.2
　　66   边函雨      4     56    -1.4
　　67   樊晨飞      4     50    -2
　　68   孙天雨      4     44    -2.6
　　69   袁亭昱      2     60    -3
　　70   聂玉洁      4     38    -3.2
　　71   吴  雨     2     52    -3.8
　　72   赵奕斐      2     50    -4
　　72   宋侨侨      2     50    -4
　　74   张韵诗      2     42    -4.8
　　75   夏婷婷      2     26    -6.4
　　76   董家骅      2     24    -6.6
　　77   陈嘉慧      0     30    -8
　　78   高清湄      0     28    -8.2
　　(小草)

