黄河杯白宝祥小分优势夺冠 胡煜清9胜4负仅获第24
　　>>>>点击查看团体成绩 >>>>点击查看个人成绩
　　此外，以全队三名队员总得之和计算团体成绩，廊坊百川能源18k棋友队获得团体第一， 野狐网队三队和杭州围棋学校队分获第2、第3名。
　　本次黄河杯团体奖前八名，颁发奖杯。个人奖励前十二名，颁发证书和奖金(冠军20000元、亚军12000元、季军6000元、第四名5000元、第五名4000元、第六名3000元、第七名至第十二名各1200元)，冠军可申报中国业余围棋7段称号，前六名可申报6段称号，顺延至十二名。
　　以下为排名前30棋手名单(30名以后略)以及团体排名前20名单(20名以后略)
　　棋手排名：
　　名 次  棋手号   棋  手  名          积 分  对 手 分  总 得 分  备   注
　　1    251       白宝祥             22      242       31.00          
　　2     45       马天放             22      234       30.27          
　　3    128       董  明             22      232       30.09          
　　4    232       夏晨琨             22      226       29.55          
　　5    286       苏广悦             20      234       28.27          
　　6    114       李岱春             20      218       26.82          
　　7     79       王彦浩             20      216       26.64          
　　8    298       隋泽翔             20      214       26.45          
　　8    157       曹汝旭             20      214       26.45          
　　10     52       曹  聪             20      208       25.91          
　　11    143       韦一博             18      226       25.55          
　　11     65       苏  旷             18      226       25.55          
　　13    222       陈  翰             20      202       25.36          
　　13    118       乔智健             20      202       25.36          
　　15    198       李天罡             18      222       25.18          
　　15    138       王  琛             18      222       25.18          
　　15     73       卢天圣             18      222       25.18          
　　18    180       黄云嵩             20      198       25.00          
　　19     64       王  博             18      220       25.00          
　　20    210       赵  炎             20      196       24.82          
　　21    126       谢尔豪             18      218       24.82          
　　22      6       陈思奇             18      216       24.64          
　　23     63       韩一洲             18      214       24.45          
　　24    259       胡煜清             18      212       24.27          
　　25    151       高恬亮             18      210       24.09          
　　25     85       李翔宇             18      210       24.09          
　　27    256       汤靖轩             18      208       23.91          
　　28    185       卢  宁             16      228       23.73          
　　29     31       王  琳             18      204       23.55          
　　30    234       田瑞祺             18      202       23.36          
　　30     35       黄  昕             18      202       23.36    
　　团体排名：
　　1   廊坊百川能源18k棋友队   86.45        62         698       18.00
　　2        野狐网队三队        82.45        62         654       21.00
　　3       杭州围棋学校队       76.28        58         630       82.00
　　4        野狐网队一队        75.00        58         616       53.00
　　5      浙江海盐围棋协会      74.27        56         630       95.00
　　6        野狐网队二队        73.18        54         640       71.00
　　7     浦东新区塘桥社区队     72.64        52         656       74.00
　　8       信阳龙潭毛尖队       70.45        52         632      102.00
　　9       葛玉宏道场三队       67.91        50         626      131.00
　　10        野狐网队四队        67.36        50         620      116.00
　　11       葛玉宏道场一队       66.82        52         592      122.00
　　12        天恒春晓一队        66.64        54         568      123.00
　　13       葛玉宏道场五队       66.63        52         590      144.00
　　14         重庆市棋院         64.63        50         590      156.00
　　15      甘肃省围棋协会队      64.45        50         588      183.00
　　16        聂道-沧州队        62.09        46         606      220.00
　　17       陕西天元棋院队       61.00        48         572      197.00
　　18       镇江正豪停车队       60.82        46         592      208.00
　　19        聂道-霸州队        60.63        48         568      195.00
　　20         武汉云生队         59.91        46         582      214.00　　
　　(王亮)      

