国象嘉年华首创亲子赛 小男孩流泪埋怨奶奶不给力
　　新浪体育讯　1月23日，首届“枫叶杯”全国红袋鼠国际象棋嘉年华活动进入第二天，今天进行了张鹏翔王瑜车轮战表演、少年儿童赛以及趣味十足的亲子赛。
　　昨天下午的车轮战本来是谢军独自迎战，张鹏翔见小棋手太多主动帮忙，联手谢军迎战了60余位棋童。今天张鹏翔王瑜夫妻档上阵，两人更有默契，小棋手们纷纷宣告不敌，2个半小时后结束了全部战斗，用时比首日的车轮战短了不少。输棋的小棋手们在场地内自由活动，很多被有奖竞猜吸引，解出题后马上把领奖处“包围”，工作人员忙碌不已。
　　下午继续进行少年儿童赛，这是这次国象嘉年华活动相对正规的赛事了，与其他比赛不同的是各个年龄段的孩子是混在一起比赛。一位5岁半的小男孩连胜两位10岁少年，这位小神童的爸爸开心地说：“赛前有意不告诉他各年龄组会分着记名次，不然怕他松懈不好好下，能连胜比他大了一倍的孩子发挥不错。”
　　红袋鼠国际象棋嘉年华的宗旨是传播国象的快乐，以孩子们的开心为优先，为此设置了很多有趣的活动。晚上进行的亲子赛也是国内首创，一个家长带一个孩子组队参赛，孩子下棋家长负责支招，比赛充满乐趣，尽管是晚上下棋依然吸引了近30对亲子参赛。孩子家长水平参差不齐，有主见的小朋友常常“无视”外行家长的支招，也有的碍于家长的权威而“被臭棋”，赛场里充满了各种支招声、笑声以及争论的声音，不过，也有哭声，一个小男孩输棋后倔强地流下了泪水，对完全“不给力”的奶奶埋怨道：“你为什么不学国际象棋。”最终，海岚棋小朋友和家长配合默契，击败各路组合，5战全胜夺得亲子赛冠军。
　　附亲子赛名次：
　　名次 姓名     积分 对手分 中间分
　　1   海岚棋，  5      16.5   10.0
　　2   武思岐，  4      18.5   11.0
　　3   洪永豪，  4      15.0    9.0
　　4   相泽宇，  4      14.0    8.0
　　5   刘芮晗，  4      13.0    8.0
　　6   冯应龙，  3.5    10.5    6.5
　　7   刘伟东，  3      16.5   10.5
　　8   马庆胤，  3      16.5    9.5
　　9   张一凝，  3      13.5    8.5
　　10  朴无晶，  3      13.5    7.5
　　11  秦熠凡，  3      13.0    8.0
　　    王润贤，  3      13.0    8.0
　　13  陈禹丞，  3       9.5    5.5
　　14  冯铭焕，  2.5    14.5    9.0
　　15  何艺凡，  2.5    12.5    7.5
　　16  华宣皓，  2.5    11.5    5.5
　　17  周楚珩，  2      13.5    8.5
　　18  宁站立，  2      13.0    8.0
　　19  杨草源，  2      12.0    7.0
　　20  谢雨宸，  2      11.5    7.5
　　21  李伟桢，  2       9.0    5.5
　　22  贺炳淞，  2       8.5    5.5
　　23  南强俊，  1      12.5    7.5
　　    刘雅杰，  1      12.5    7.5
　　25  周申宇，  1      11.5    7.5
　　26  胡春鹏，  1       7.5    4.0
　　27  冯博，    1       7.0    4.0
　　28  马兴辰，  0      10.0    6.0
　　(王亮 雪莹)

