中韩巡回赛东莞站奖金分配 冠军独得5万7千美元
　　新浪体育讯　2009年4月2日至4月5日，2009“韩国KEB银行”中韩男子职业高尔夫球巡回赛将在广东东莞峰景高尔夫球俱乐部正式揭开战幕。赛事总奖金为285，000美元，冠军将获得57，000美元的奖金及奖杯一座。以下为赛事奖金分配表：
	奖金分配表
	排名
	奖金额(美元)
	排名
	奖金额(美元)
1
57,143
34
1,871
2
28,571
35
1,814
3
17,857
36
1,757
4
14,286
37
1,700
5
11,571
38
1,643
6
9,786
39
1,586
7
8,571
40
1,529
8
7,571
41
1,500
9
6,786
42
1,471
10
6,071
43
1,443
11
5,429
44
1,414
12
4,857
45
1,386
13
4,429
46
1,357
14
4,000
47
1,329
15
3,786
48
1,300
16
3,571
49
1,271
17
3,357
50
1,243
18
3,243
51
1,214
19
3,129
52
1,186
20
3,014
53
1,171
21
2,900
54
1,157
22
2,786
55
1,143
23
2,700
56
1,129
24
2,614
57
1,114
25
2,529
58
1,100
26
2,443
59
1,086
27
2,357
60
1,071
28
2,271
61
1,057
29
2,186
62
1,043
30
2,100
63
1,029
31
2,043
64
1,014
32
1,986
65
1,000
33
1,929
　
　
预备金
5,714
　
　
总奖金
285,714
　
　

