中锦赛深圳站奖金分配表 冠军奖金3.05万美元
　　新浪体育讯　北京时间4月17日 中国职业高尔夫球锦标赛深圳站，泰国小选手提提帕(Thitiphun Chuayprakong)最后一轮打出71杆，总成绩280杆(75-67-67-71)捧走冠军奖杯，获3.05万美元奖金。中国球员袁浩总成绩280杆(70-70-69-74)排名第二。以下为详细奖金分配表：
　　2011中国职业高尔夫球锦标赛奖金分配表
　　2011 China PGA Championship Tour Prize Money Breakdown
　　名次 Rank     奖金Prize Money
　　(美金US dollar)     名次
　　Rank     奖金Prize Money
　　(美金US dollar)
　　1    30,500.00    34    2,200.00
　　2    18,500.00    35    2,160.00
　　3    10,500.00    36    2,120.00
　　4    5140.00    37    2,080.00
　　5    4,060.00    38    2,040.00
　　6    3,560.00    39    2,000.00
　　7    3,460.00    40    1,960.00
　　8    3,360.00    41    1,920.00
　　9    3,260.00    42    1,880.00
　　10    3,160.00    43    1,840.00
　　11    3,120.00    44    1,800.00
　　12    3,080.00    45    1,760.00
　　13    3,040.00    46    1,720.00
　　14    3,000.00    47    1,680.00
　　15    2,960.00    48    1,640.00
　　16    2,920.00    49    1,600.00
　　17    2,880.00    50    1,560.00
　　18    2,840.00    51    1,540.00
　　19    2,800.00    52    1,520.00
　　20    2,760.00    53    1,500.00
　　21    2,720.00    54    1,480.00
　　22    2,680.00    55    1,460.00
　　23    2,640.00    56    1,440.00
　　24    2,600.00    57    1,420.00
　　25    2,560.00    58    1,400.00
　　26    2,520.00    59    1,380.00
　　27    2,480.00    60    1,360.00
　　28    2,440.00    61    1,320.00
　　29    2,400.00    62    1,300.00
　　30    2,360.00    63    1,280.00
　　31    2,320.00    64    1,260.00
　　32    2,280.00    65    1,240.00
　　33    2,240.00    　   
　　总奖金/Total Prize Money:  US$200,000.00

