广东第三届华标品雅豪园杯业余挑战赛第六站
　　新浪体育讯　10月，秋风带来阵阵凉意，由广东省高尔夫球协会主办，广东华标创业集团、惠州涛景高尔夫度假村协办的广东省第三届“华标品雅豪园杯”业余高尔夫球挑战赛第六站选拔赛，于10月14日在惠州涛景高尔夫度假村在绵绵细雨中如期开杆。本站比赛共吸引了广东省内外100多名选手参加。
　　上午八点零五分，球赛正式开始，参赛选手各就各位打响了广东省第三届“华标品雅豪园杯”业余高尔夫球挑战赛最后一站的选拔赛。经过4个多小时的激烈竞争，最终决出了前十名，林琪?以74杆的成绩获得第一名，丁伟、慎京龙等前十名选手获得进军总决赛的资格。在颁奖午宴上，广东省高尔夫球协会相关领导为这些优秀的选手颁发了奖杯。
　　至此，广东省第三届“华标品雅豪园杯”业余高尔夫球挑战赛前六站选拔赛已圆满结束，11月6—7日将在阳江涛景高尔夫度假村举行总决赛，届时相邀前六站各站前十名的选手角逐最终的王者。在此，预祝广东省第三届“华标品雅豪园杯”业余高尔夫球挑战赛圆满收杆！
　　附件：前六站选拔赛各站前十名选手名单
第一站
第二站
名次
名次
1
1
2
2
3
3
4
4
5
5
6
6
7
7
8
8
9
9
10
10
第三站
第四站
名次
名次
1
1
2
2
3
3
4
4
5
5
6
6
7
7
8
8
9
9
10
10
第五站
第六站
名次
名次
1
1
2
2
3
3
4
4
5
5
6
6
7
7
8
8
9
9
10
10

