毕达哥拉斯公式揭示真相 10胜篮网竟远非历史最差 
　　新浪体育讯　北京时间4月3日消息，据《篮球章程》报道，新泽西篮网已经拿到了10场胜利，他们的心态已经完全放松，好像已经完成了本赛季所有的任务一样。不过篮网虽然轻松了，可球迷们却依然对他们有兴趣，毕竟10场胜利也算不得好成绩。可是，当我们细致研究历史时，我们还真被吓了一跳：篮网根本不是NBA历史上最差的球队，而且甚至连最差的前十位都排不上。
　　本赛季对于篮网来说本是一出彻头彻尾的悲剧，但是当他们赢下圣安东尼奥马刺后，悲剧似乎变成了喜剧——因为篮网终于拿下了两位数的胜场，他们不会与1972-73赛季的费城76人一起被钉在“NBA历史最差常规赛战绩”的耻辱柱上了。
　　然而，虽然1972-73赛季的76人是NBA有史以来胜场最少的球队，但是这并不意味着他们就是有史以来最差的球队。因为在很多时候，有的球队本来战绩很差，但是由于种种原因，甚至运气的加持，最终却依然得到了一个比较体面的战绩。而通过细节数据分析，我们可以找出被战绩掩盖的东西，从而找出真正最差的球队。
　　比如以丹佛掘金为例。2002-03赛季的掘金战绩为17胜65负，1990-91赛季的掘金为20胜62负，从战绩上看，1990-91赛季的掘金无疑要好一点。但是深入分析，我们发现，02-03赛季的掘金场均得分为84.2分，场均失分为92.4分，净失分为-8.2分；而90-91赛季的掘金场均得分为119.9分，场均失分为130.8分，净失分为-10.9分。从深入分析中看，我们会发现，02-03赛季的掘金似乎失分更少，也就是说，他们的赢球几率应该更大。而经过专业的“毕达哥拉斯胜场公式”(一种数学方面的统计计算，通过细致缜密的得失分数据来计算理论意义上球队的胜场，一般能较为准确地反映球队的真实水平，是数据研究中比较重要的参数)计算，02-03赛季的掘金“毕氏胜场”为17.5场，而1990-91赛季的掘金毕氏胜场则为18.7场。
　　通过“毕达哥拉斯胜场算法”，我们可以简单明了地计算各支球队的真实实力。我们也可以使用“攻防节奏效率算法”来计算各支球队的实力，但是那种算法有一个缺陷，即远古时代的篮球，并没有统计某支球队每场比赛或者每个赛季的的攻防节奏值，也就无从计算其效率与节奏了。
　　我们当然还有很多计算球队实力的方法，但是大部分方法都有一个缺陷——只能计算某一个稳定的时代。比如在1973年之前，NBA只有17支球队，而ABA还有10支，这时候很多算法就会产生偏差。总的来看，只有毕达哥拉斯算法能比较好的适应我们的需求。
　　经过计算，我们统计出了NBA历史上胜场最低的25支球队，并用毕达哥拉斯算法对他们进行了分析，结果如下(Rk：排名，Season：赛季，Tm：球队，W：胜场，L：负场，W-L%：胜率，PF：场均得分，PA：场均失分，DIFF：得失分差，PWIN：毕氏胜场，P+/-：毕氏胜场与真实胜场之差)：
　　Rk  Season    Tm  W  L    W-L%     PF     PA   DIFF  PWIN  P+/-
　　1   1992-93   小牛  11  71    .134   99.3  114.5  -15.2   9.8  +1.2
　　2   1997-98   掘金  11  71    .134   89.0  100.8  -11.8  12.2  -1.2
　　3   1999-00   快船  15  67    .183   92.0  103.5  -11.5  13.2  +1.8
　　4   1982-83   火箭  14  68    .171   99.3  110.9  -11.6  14.4  -0.4
　　5   1972-73   76人   9  73    .110  104.1  116.2  -12.1  14.5  -5.5
　　6   1988-89   热火   15  67    .183   97.8  109.0  -11.2  14.7  +0.3
　　7   1996-97   灰熊  14  68   .171   89.2   99.4  -10.2  14.8  -0.8
　　8   1995-96   灰熊  15  67   .183   89.8   99.8  -10.0  15.2  -0.2
　　9   1999-00   公牛    17  65   .207   84.8   94.2   -9.4  15.3  +1.7
　　10  1970-71   骑士  15  67   .183  102.1  113.3  -11.2  15.5  -0.5
　　11  1986-87   快船  12  70   .146  104.5  115.9  -11.4  15.6  -3.6
　　12  2005-06   开拓者  21  61   .256   88.8   98.3   -9.5  15.9  +5.1
　　---------------------------------------------------------------
　　13  2009-10   篮网  11  71  .135   91.3  101.0   -9.7  16.0  -5.0
　　---------------------------------------------------------------
　　14  1995-96   76人  18  64    .220   94.5  104.5  -10.0  16.1  +1.9
　　15  2004-05   老鹰  13  69   .159   92.7  102.5   -9.8  16.1  -3.1
　　16  2002-03   骑士  17  65   .207   91.4  101.0   -9.6  16.2  +0.8
　　17  1987-88   快船  17  65   .207   98.8  109.1  -10.3  16.4  +0.6
　　18  2000-01   公牛   15  67   .183   87.6   96.7   -9.1  16.4  -1.4
　　19  1997-98   勇士  19  63  .232   88.3   97.4   -9.1  16.6  +2.4
　　20  1997-98   猛龙   16  66  .195   94.9  104.2   -9.3  17.4  -1.4
　　21  2002-03   掘金   17  65  .207   84.2   92.4   -8.2  17.5  -0.5
　　22  2009-10   森林狼   14  60  .189   98.1  107.6   -9.5  17.6  -3.6
　　23  2000-01   勇士  17  65  .207   92.5  101.5   -9.0  17.6  -0.6
　　24  1989-90   热火   18  64  .220  100.6  110.3   -9.7  17.7  +0.3
　　25  1994-95   森林狼   21  61  .256   94.2  103.2   -9.0  17.9  +3.1
　　注：在表格中，由于篮网本赛季尚未打完，所以我们用篮网击败马刺后取得10胜64负时的胜率来计算出全赛季的战绩。
　　根据上表，我们可以发现，篮网的毕氏胜场达到了16.0场，在25支球队中排位尚属中游。但是，你还需要注意到，篮网的毕氏胜场和实际胜场之间的差距达到了-5.0，也就是说，篮网的运气非常差，只比72-73赛季的76人要稍微好一点。相对而言，1992-93赛季的小牛运气就很好，他们理论上最多赢9.8场，也就是10场，但是最终却赢下了11场。对于这种鱼腩来说，多赢一场就是天大的惊喜了，可惜篮网并没有这种运气。
　　篮网的运气确实非常差，本赛季，他们在所有最终分差不超过5分的比赛中，居然只拿下了1场胜利，而输掉的场次却高达13场。如果幸运女神能稍微眷顾一下篮网，或者稍微公正一点，给出50%的胜率，那么篮网现在已经16胜或者17胜了。虽然这种战绩依然很差，但是好歹不会有“天哪，我们要成为NBA历史最差的球队了”这种压力。
　　至于72-73赛季的76人，他们在分差不大于5分的比赛中战绩为5胜16负，如果稍微幸运一点，他们的战绩应该是15胜或者16胜。
　　值得一提的是，1992-93赛季的小牛不仅本身战绩很差，而且其毕氏胜场也是NBA有史以来最低的，他们才是NBA有史以来最差的球队。在接下来的赛季，他们又输了69场，在接下来的整个90年代，小牛都在不断的沉沦；直到跨越新世纪，事情出现了转机——马克-库班买下了球队，成为小牛的新老板。在库班的主持下，小牛连续10年，每年都赢下超过50场比赛，成为NBA的著名劲旅。
　　这无疑是个好的寓言故事，在一个赛季输掉71场比赛后，小牛用10年时间等来了救世主库班，而现在，纽约或者新泽西的球迷可不想等那么久。
　　(咕哒)

