美第四季GDP增幅创6年新高
　　新浪财经讯 北京时间1月29日晚间，美国商务部发布的统计数据显示，美国经济正在走出数十年以来最严重的经济衰退，2009年第四季GDP的年化增幅创下了六年来新高，虽然消费者开支和企业投资依然不太活跃。
　　商务部宣布，去年最后三个月经季调的实际GDP的年化增幅为5.7%，创下2003年底以来新高。去年第三季美国经济增长2.2%。5.7%的增幅超过接受汤森路透集团调查的经济学家普遍预期的5.4%。未来几个月中GDP数据可能进行大幅修正。
　　虽然09下半年美国经济保持着健康增长势头，但整个2009年美国经济仍下滑2.4%，降幅创63年以来之最。1946年美国经济较1945年大幅下滑10.9%。09年企业投资的降幅创1942年以来之最。
　　第四季GDP增幅的约三分之二源自库存的变化。若不计库存的变化，最终销售的年化增幅为2.2%，这表明虽然整体GDP的增幅虽然很高，但美国经济依然比较疲软。
　　消费者开支的年化增幅为2%，低于第三季的2.9%，当时政府的旧车换现金计划推动了汽车销售显著增长。
　　商业投资的年化增幅为2.9%，为2008年春天以来首次季增长。设备和软件投资的年化增幅达13.3%，但建筑投资重跌了15.4%。住宅投资的年化增幅为5.7%，该投资在连续14个月下滑后已连续2个月增长。
　　对外贸易也推动了美国经济增长，商品出口的年化增幅为28.1%，创30年来新高。政府开支的年化降幅为0.2%。
　　多数经济学家预计2010年美国经济的增速将降至约3%，这主要与库存的暂时性推动作用将减弱有关。他们还预计消费者开支和企业投资仅能小幅增长，消费者必须面对高失业率、收入仅基本持平和必须先偿还个人债务等问题。
　　GDP报告部分细节
　　依据美元现值计算，第四季GDP的年化增幅为6.4%，年化总值为14.5万亿美元。整个09年美国的GDP总计14.3万亿美元。
　　不计库存的最终销售第四季的年化增幅为2.2%，创下2008年春以来新高。整个2009年最终销售下降1.7%，跌幅为1946年以来之最。
　　消费者开支的年化增幅为2%。整个2009年消费者开支下滑0.6%，是1974年以来最差的。全年针对服务开支的增幅创下71年新低。消费者开支为第四季GDP的增长做出了约1.4个百分点的贡献。
　　第四季耐用品开支下滑0.9%。消费者对非耐用品的开支攀升4.3%，增幅是过去三年最高的。服务开支增长1.7%。
　　第四季的储蓄率增至4.6%，超过第三季的4.5%，实际可任意支配收入增长2.1%。
　　第四季企业投资的年化增幅为2.9%，为过去六个季度以来首次增长。整个2009年企业投资下滑17.9%，降幅创1942年以来新高。
　　建筑投资下滑15.4%，设备和软件投资增长13.3%，后者创近十年来新高。企业固定投资为第四季GDP的增长做出了约0.3%个百分点的贡献。
　　第四季的库存总额下降335亿美元，此前三个季度该数字每季都减少1000亿美元以上。库存降幅的明显缩减为GDP增长做出了约3.4个百分点的贡献，这一数字创下了22年来新高。
　　第四季住宅投资的年化增幅为5.7%，连续第2个季度增长，此前的14个季度该数字持续下滑。房屋建设活动得到了首次购房可抵税和新屋库存严重萎缩等因素的推动。住房投资为第四季GDP的增长做出了约0.1%个百分点的贡献。整个2009年住房投资下滑20.4%。
　　名词解释：年化增幅
　　年化增幅，即季度环比折年率增长率，是将季度环比增长率年化，它是在全年均保持本季度增长幅度的假设前提下，将环比增长率外推到全年而计算的GDP增长率。
　　历年美国GDP增降幅数据
　　年份 GDP增降幅变化
　　1930 -8.6 
　　1931 -6.4 
　　1932 -13.0 
　　1933 -1.3 
　　1934 10.8 
　　1935 8.9 
　　1936 13.0 
　　1937 5.1 
　　1938 -3.4 
　　1939 8.1 
　　1940 8.8 
　　1941 17.1 
　　1942 18.5 
　　1943 16.4 
　　1944 8.1 
　　1945 -1.1 
　　1946 -11.0 
　　1947 -0.9 
　　1948 4.4 
　　1949 -0.5 
　　1950 8.7 
　　1951 7.7 
　　1952 3.8 
　　1953 4.6 
　　1954 -0.7 
　　1955 7.1 
　　1956 1.9 
　　1957 2.0 
　　1958 -1.0 
　　1959 7.1 
　　1960 2.5 
　　1961 2.3 
　　1962 6.1 
　　1963 4.4 
　　1964 5.8 
　　1965 6.4 
　　1966 6.5 
　　1967 2.5 
　　1968 4.8 
　　1969 3.1 
　　1970 0.2 
　　1971 3.4 
　　1972 5.3 
　　1973 5.8 
　　1974 -0.5 
　　1975 -0.2 
　　1976 5.3 
　　1977 4.6 
　　1978 5.6 
　　1979 3.2 
　　1980 -0.2 
　　1981 2.5 
　　1982 -1.9 
　　1983 4.5 
　　1984 7.2 
　　1985 4.1 
　　1986 3.5 
　　1987 3.4 
　　1988 4.1 
　　1989 3.5 
　　1990 1.9 
　　1991 -0.2 
　　1992 3.3 
　　1993 2.7 
　　1994 4.0 
　　1995 2.5 
　　1996 3.7 
　　1997 4.5 
　　1998 4.2 
　　1999 4.5 
　　2000 3.7 
　　2001 0.8 
　　2002 1.6 
　　2003 2.5 
　　2004 3.6 
　　2005 2.9 
　　2006 2.8 
　　2007 2.0 
　　2008 1.1 
　　2009 -2.4 

