2500点以下维持板块轮动

　　两市周二的总成交金额为2282.84亿元，和前一交易日相比减少20.7亿元，资金净流入约9亿元。周二两市仍是板块轮动的格局，有色金属、化工、券商开始出现振荡，而前期涨幅较小的地产、电力、军工、医药、建材出现补涨，短期资金的进出出现平衡，最后上证指数涨0.56%，收在2338.42点。周二的走势仍属强势，不过值得提醒的是平均涨幅在30%-50%的有色金属、煤炭石油短期存在回调的风险，不宜再买，反而可以兑现部分利润；而地产、银行保险、机械、军工、医药、电子信息仍有上升空间。由于成交量仍能保持较活跃水平，因而市场成本在不断提升，在2500点之前，各板块仍将轮动。
　　周二资金成交前五名依次是：有色金属、地产、银行、中小板、医药。
　　资金净流入较大的板块：地产(+4.9亿元)、电力(+4.6亿元)、军工(+4.3亿元)、医药(+4.3亿元)、建材(+4.3亿元)。
　　资金净流出较大的板块：有色金属(-6.6亿元)、化工(-3.3亿元)、券商(-3亿元)。
　　有色金属：该板块周二有约6.6亿元资金净流出，但净流入较大的个股有：鑫科材料、云南铜业、江西铜业、宝钛股份、吉恩镍业。
　　军工：该板块周二有约4.3亿元资金净流入，净流入较大的个股有：西飞国际、湘电股份、风帆股份、中国船舶、火箭股份、宝钛股份、联创光电、贵航股份、南方汇通、哈飞股份、天通股份。
　　地产：该板块周二有约4.9亿元资金净流入，净流入较大的个股有：珠江控股、陆家嘴、万通地产、ST筑信、保利地产、栖霞建设、九龙山、张江高科、泛海建设、招商地产、苏宁环球、渝开发。
　　机械：该板块周二有约0.2亿元资金净流入，净流入较大的个股有：中国船舶、中捷股份、沈阳机床、三一重工、西北轴承、大橡塑、鼎盛天工。
　　建材：该板块周二有约4.3亿元资金净流入，净流入较大的个股有：太行水泥、渝三峡A、祁连山、葛洲坝、福建水泥、冀东水泥、狮头股份、西水股份、四川金顶、方大A、江西水泥。 (广州万隆)
　　昨日各板块资金流向
　　板块 昨日成交(亿元) 前日成交(亿元) 净流入值(亿元) 增量比率(%) 占大盘比例(%) 上周净流入值(亿元)
　　A股板块   2282.8    2303.5   9.02    - 0.9     100.0       428.58
　　工程建筑  52.42     60.39    -1.3    -13.2    2.3         6.79
　　电力      55.19     49.4     4.57    11.7      2.4         7.71
　　计算机    39.35     35.75    0.3     10.1      1.7         4.16
　　电子信息  59.71     57.07    1.95    4.6       2.6         13.81
　　房地产    209.03    204.54   4.94    2.2       9.2         56.26
　　纺织服装  52.77     45.41    0.26    16.2      2.3         8.18
　　钢铁      81.16     96.22    1.29    - 15.7    3.6         16.04
　　供水供气  18.02     16.34    0.25    10.3      0.8         1.6
　　化工化纤  110.22    122.48   -3.35   - 10.0    4.8         27.3
　　电器      31.19     33.56    0.9     - 7.1     1.4         6.92
　　交通设施  46.58     43.77    0.68    6.4       2.0         8.4
　　银行类    162.91    149.86   -0.16   8.7       7.1         20.13
　　旅游酒店  20.82     23.04    -0.49   - 9.6     0.9         3.03
　　煤炭石油  129.13    147.71   2.98    - 12.6    5.7         37.14
　　酿酒食品  61.32     53.9     0.36    13.8      2.7         5.93
　　农林牧渔  83.83     91.65    -2.76   -8.5     3.7         11.73
　　商业连锁  47.2      52.29    -1.53   -9.7     2.1         6.9
　　建材      74.55     58.88    4.32    26.6      3.3         5.4
　　期货概念  25.61     17.33    2.29    47.8      1.1         1.83
　　汽车类    96.47     94.71    -0.83   1.9       4.2         8.49
　　机械      87.3      82.09    0.24    6.3       3.8         13.11
　　医药      130.02    111.63   4.32    16.5      5.7         9.25
　　上海本地股231.69    152      4.17    52.4      10.1        33.19
　　教育传媒  12.63     12.2     0.46    3.5       0.6         2.42
　　仪电仪表  54.36     58.03    -0.73   -6.3     2.4         7.89
　　有色金属  216.9     272.51   -6.63   -20.4    9.5         94.2
　　造纸印刷  22.29     24.28    0.15    -8.2     1.0         4.65
　　券商      93.15     93.1     -2.98   0.1       4.1         15.5
　　电力设备  49.93     53.84    -0.62   - 7.3     2.2         6.96
　　通信      42.62     39.49    -1.23   7.9       1.9         4.4
　　运输物流  86.82     86.5     2.08    0.4       3.8         11.42
　　奥运      187.9     192.43   3.64    - 2.4     8.2         30.94
　　新能源    108.25    110.3    3.02    - 1.9     4.7         16.39
　　节能环保  63.34     63.19    0.36    0.2       2.8         8.75
　　航天军工  101.74    85.45    4.35    19.1      4.5         9.07
　　3G        47.81     42.15    0.37    13.4      2.1         3.85
　　创投      66.31     58.28    1.98    13.8      2.9         7.33
　　中小板    133.69    131.25   1.57    1.9       5.9         20.34

